Timetstamp	FPA	Aux	C9	Sigma	C25	Sigma	D13	Sigma	D25	Sigma	R8	Sigma
1512401615736	13.99	8079.11	1.2693	8079.08	1.84662	8079.62	1.50214	8079.08	1.68127	8078.69	2.05313
1512401616761	13.99	8122.78	0.971825	8124.16	2.33952	8123.38	1.26085	8123.76	2.14631	8124.63	2.32417
1512401617800	13.98	8128.89	2.20479	8128.84	2.21133	8128.38	1.98068	8128.4	2.06155	8128.47	2.03361
1512401618910	13.97	8136.89	1.2693	8136.96	1.51327	8136.92	1.11516	8136.84	1.43411	8136.95	2.44255
1512401620013	13.97	8139.78	2.16667	8139.96	2.37136	8139.69	2.13638	8139.56	2.21886	8140.08	2.00758
1512401621102	13.97	8149.44	2.4037	8149.4	2.08167	8148.85	2.54448	8148.76	2.35018	8149.38	2.33785
1512401622154	13.97	8152	1.80278	8152.32	1.4922	8152	1.58114	8151.92	1.55242	8153.24	2.01499
1512401623241	13.99	8157.11	1.61589	8157.24	1.3626	8157.15	1.40512	8157	1.47196	8157.04	2.16836
1512401624480	13.99	8158.89	2.02759	8159.32	1.99416	8158.62	1.80455	8158.84	2.09523	8159.15	2.01898
1512401625517	14	8161.78	1.71594	8161.48	1.38804	8161.31	1.6525	8161.32	1.54704	8162.41	2.26711
1512401626562	14.01	8165.44	2.18581	8165.64	1.8	8165.15	2.03495	8165.24	1.73877	8165.5	2.02362
1512401627576	14.01	8166.22	1.30171	8166.28	1.45831	8166.23	1.42325	8166.12	1.23558	8167	2.14573
1512401628597	14.02	8169.44	1.50923	8169.64	1.68028	8168.92	1.5525	8169.32	1.7253	8170.28	1.9776
1512401629650	14.03	8171.33	1	8171.04	1.24097	8171.15	1.06819	8170.68	1.34536	8170.58	2.1518
1512401630665	14.03	8171	0.866025	8170.76	1.12842	8170.77	1.16575	8170.48	1.38804	8170.45	1.79362
1512401631691	14.04	8170.78	1.7873	8170.2	1.89297	8170.15	2.03495	8169.92	2.05994	8169.95	1.96782
1512401632767	14.04	8169.67	1.41421	8169.56	1.35647	8169.62	1.3253	8169.28	1.4	8170.04	1.94822
1512401633856	14.06	8170.67	1.73205	8169.92	1.63095	8170.31	1.6525	8169.8	2	8170.33	2.26665
1512401634878	14.04	8173.33	1.58114	8172.48	1.78232	8172.77	1.7867	8172.04	2.07123	8172.34	2.3245
1512401636018	14.04	8170.78	1.39443	8170.32	1.79629	8170.31	1.75046	8170	2	8170.44	2.08112
1512401637031	14.06	8170.44	1.50923	8169.88	1.39403	8169.92	1.5525	8169.52	1.73494	8169.76	1.79344
1512401638072	14.03	8169.78	1.7873	8169.24	1.71464	8169.08	2.06	8168.92	2.03961	8169.36	2.07491
1512401639196	14.04	8167.89	1.2693	8168.08	1.63095	8167.54	1.5064	8167.68	1.46401	8169.07	2.25938
1512401640249	14.06	8167.33	1.58114	8167.32	1.67631	8167.15	1.62512	8167.08	1.46969	8167.59	2.20893
1512401641369	14.04	8165.78	1.56347	8165.92	1.80093	8165.54	1.61325	8165.56	1.78139	8166.1	2.04268
1512401642387	14.04	8166.22	1.30171	8166.12	2.08806	8165.92	1.75412	8165.64	1.95533	8166.15	1.88461
1512401643477	14.04	8165	0.866025	8164.76	1.39284	8164.69	1.37747	8164.44	1.66032	8165.1	1.88073
1512401644610	14.03	8163.33	1	8163.44	1.52971	8163.15	1.28103	8162.96	1.54056	8163.93	1.94203
1512401645627	14.04	8163.44	2.06828	8162.68	1.8421	8163.23	2.04751	8162.56	1.98074	8162.9	1.94712
1512401646718	14.04	8161.78	1.92209	8161.56	1.70978	8161.54	1.8081	8161.64	1.8	8163.13	2.16958
1512401647727	14.04	8162.78	1.92209	8162.64	2.09921	8162.38	1.80455	8162.32	1.70098	8162.94	2.15935
1512401648766	14.03	8162.33	1.58114	8161.68	1.57374	8161.85	1.77229	8161.32	1.67631	8161.76	2.05846
1512401649810	14.03	8161.44	1.50923	8161.12	1.76352	8161.15	1.77229	8160.88	1.58955	8161.59	2.02158
1512401650836	14.02	8162.33	1.32288	8162.44	1.95959	8162.15	1.3445	8161.76	1.85472	8161.99	1.96052
1512401651862	14.03	8160.67	1.58114	8160.8	2	8160.46	1.39137	8160.32	1.6	8160.95	1.90323
1512401652888	14.02	8159.67	1.32288	8160.12	1.45258	8159.69	1.18213	8159.64	1.46856	8160.3	1.98715
1512401653936	14.03	8158.67	1.41421	8159.08	1.80093	8158.85	1.46322	8158.64	1.93391	8159.32	2.01779
1512401654976	14.04	8158.33	1.22474	8158.12	1.36382	8158	1.52753	8157.92	1.46969	8158.73	1.90455
1512401656065	14.02	8156.67	1.22474	8156.56	1.44568	8156.62	1.19293	8156.12	1.56312	8156.64	1.91531
1512401657104	14.01	8158.11	1.61589	8157.16	1.81842	8157.62	1.80455	8156.72	2.03142	8156.04	2.05744
1512401658109	14.01	8156.33	1.58114	8155.88	1.39403	8156.08	1.60528	8155.56	1.66032	8155.68	1.94417
1512401659139	14.01	8156.33	2.59808	8156.08	1.93477	8156.08	2.46514	8155.92	1.86905	8156.3	1.88493
1512401660273	14.01	8154.33	1	8154.28	1.4	8154.23	1.36344	8154	1.38444	8154.79	1.81758
1512401661321	14.01	8153.89	1.2693	8154.56	2.36432	8153.92	1.60528	8153.84	2.05508	8154.98	1.92969
1512401662355	14	8154.11	2.02759	8153.8	1.97906	8153.69	2.01596	8153.28	1.98997	8154.02	2.08785
1512401663404	14	8153.44	1.66667	8153.56	2.16179	8153	2.19848	8153.16	2.11503	8153.9	2.08907
1512401664430	13.99	8152.11	1.61589	8152.16	1.8412	8151.77	1.64083	8151.92	1.84662	8152.97	1.99592
1512401665455	14	8151.89	2.14735	8151.56	2.06317	8151.38	2.02231	8151.16	1.88591	8152.25	2.21978
1512401666576	14	8150.89	1.61589	8151.08	1.63095	8150.77	1.64083	8150.56	1.75784	8151.01	1.84418
1512401667602	14	8151.78	1.09291	8151.56	1.38684	8151.62	1.44559	8151.12	1.9	8151.36	1.94499
1512401668647	14	8151.11	1.76383	8151.44	1.85023	8151.31	1.79743	8150.88	1.83303	8151.45	2.05862
1512401669672	14	8150.67	1.32288	8151.24	1.85472	8150.77	1.5359	8150.68	1.6	8151.2	1.95059
1512401670780	13.99	8149.89	1.2693	8150.44	1.89473	8149.92	1.801	8149.72	1.86011	8150.69	2.02454
1512401671857	13.99	8149.67	0.866025	8149.48	1.71075	8149.38	1.04391	8149	1.65831	8150.27	2.21318
1512401672929	13.98	8150	2.44949	8149.76	1.92094	8149.85	2.0755	8149.52	1.89561	8150.78	2.20489
1512401673955	13.99	8149.22	1.64148	8149.76	2.10713	8149.08	1.75412	8149.16	2.0347	8150.83	2.32143
1512401674996	13.97	8148	1.87083	8148.24	1.76257	8148.15	1.81871	8147.92	1.75404	8149.2	1.89451
1512401676022	13.98	8149.33	1.73205	8149.64	1.7767	8149.38	1.66024	8149.24	1.64012	8150.2	2.25522
1512401677156	13.97	8148.67	1.5	8148.84	1.81842	8148.54	1.33012	8148.56	1.63503	8149.23	1.84067
1512401678257	13.97	8149.11	1.05409	8149.6	1.68325	8149.23	1.09193	8149.12	1.1299	8150.16	2.28142
1512401679283	13.97	8149.78	2.3863	8149	2.17945	8149.38	2.25605	8148.32	2.26789	8148.67	2.06506
1512401680402	13.96	8147.33	1.58114	8148.04	2.45764	8147.15	1.90815	8147	1.95789	8148.72	2.30864
1512401681476	13.95	8148	1.11803	8148.72	2.49199	8147.92	1.65638	8147.92	2.34379	8148.57	2.10568
1512401682629	13.95	8148.44	1.50923	8149.16	1.81842	8148.62	1.66024	8148.52	1.8735	8148.76	1.89164
1512401683670	13.93	8150.78	1.85592	8150.8	1.82574	8150.77	1.69085	8150.48	1.75879	8150.63	2.10547
1512401684715	13.95	8149.89	1.69148	8149.4	1.95789	8149.54	1.71345	8149.08	1.95619	8149.49	2.15084
1512401685807	13.96	8147.89	1.16667	8148.08	1.93477	8147.77	1.5359	8147.64	1.75309	8148.09	2.10839
1512401686860	13.95	8148.56	0.881917	8148.72	1.42945	8148.46	0.967418	8148.44	1.41657	8149.17	1.94279
1512401687998	13.95	8148.22	0.971825	8148.52	1.71075	8148.08	1.18754	8148	1.44338	8148.73	2.05199
1512401689025	13.95	8148	1.65831	8148.48	1.89561	8148.15	1.62512	8147.96	1.7673	8148.66	2.14504
1512401690038	13.93	8147.33	1.41421	8148.48	2.36502	8147.46	1.5064	8147.64	1.9975	8148.45	1.97863
1512401691049	13.92	8148.33	2.44949	8148.92	2.3615	8148.15	2.26738	8148.08	2.17792	8148.71	2.13814
1512401692075	13.93	8147.56	2.06828	8148.12	2.02731	8147.62	1.98068	8147.28	2.28254	8147.87	2.15996
1512401693110	13.92	8147.56	1.5899	8147.8	2.02073	8147.62	1.38675	8147.04	2.00998	8147.48	2.10919
1512401694168	13.93	8147.56	1.23603	8147.44	1.38684	8147.31	1.1094	8147	1.47196	8147.57	1.87265
1512401695175	13.92	8146	1.58114	8146.32	1.7253	8145.85	1.46322	8145.76	1.69017	8147.03	1.94035
1512401696177	13.92	8147.67	0.866025	8147.68	1.8868	8147.31	1.49358	8147.24	1.56205	8147.61	1.97887
1512401697203	13.91	8146.89	1.53659	8147.08	2.3615	8146.31	1.79743	8146.56	1.91659	8147.56	2.20743
1512401698229	13.92	8145.67	1.73205	8146.04	1.79072	8145.31	1.79743	8145.8	1.65831	8146.87	2.04858
1512401699289	13.91	8145.11	1.36423	8145.44	2.29274	8144.92	2.06	8144.8	1.75594	8145.39	2.05912
1512401700297	13.9	8144.22	1.30171	8144.72	2.47521	8143.92	1.84669	8144.04	2.07123	8145.35	2.43642
1512401701322	13.91	8146.22	1.39443	8146.08	1.55242	8145.92	1.32045	8145.72	1.74452	8146.99	2.15179
1512401702394	13.9	8145.67	1.58114	8145.28	1.54164	8145.15	1.67562	8144.88	1.76352	8145.64	2.06954
1512401703531	13.91	8148.22	2.86259	8147.52	2.0232	8147.54	2.66506	8147.16	2.21133	8147.75	1.91766
1512401704611	13.9	8145.78	1.92209	8145.96	1.67033	8145.77	1.92154	8145.84	1.772	8147.11	2.10989
1512401705661	13.9	8145.56	2.06828	8145.88	1.9	8145.54	1.8081	8145.44	1.75784	8145.95	1.902
1512401706748	13.9	8146.22	1.7873	8145.56	1.80462	8145.69	1.97419	8145.2	1.95789	8145.76	1.91697
1512401707801	13.9	8145.33	2	8145.64	1.57797	8145.38	1.75777	8145.36	1.46856	8145.33	1.80966
1512401708871	13.9	8145.89	1.83333	8146.32	2.07605	8145.85	2.11527	8145.72	2.13151	8145.87	2.02042
1512401709874	13.9	8145	1.22474	8145.12	1.71561	8144.77	1.48064	8144.44	1.78139	8145.11	1.95085
1512401710906	13.9	8146.22	1.39443	8145.6	1.93649	8145.62	1.75777	8145.24	1.92094	8145.69	1.95968
1512401711912	13.89	8146.22	1.7873	8145.72	1.88237	8145.77	1.73944	8145.24	1.87705	8145.71	2.18631
1512401713044	13.89	8144.33	1.80278	8144.52	2.16256	8144.15	1.95133	8144.08	1.70587	8145.9	2.48656
1512401714083	13.9	8144.56	2.24227	8144.72	2.03142	8144.38	2.14237	8144.32	1.81934	8145.88	2.50235
1512401715270	13.89	8145.67	2.06155	8144.84	1.88591	8145.31	1.84321	8144.8	1.82574	8145.52	2.29145
1512401716283	13.89	8144.89	1.36423	8145.2	2.3094	8144.92	1.84669	8144.76	2.00582	8145.71	2.16717
1512401717311	13.89	8144.56	1.01379	8144.6	1.82574	8144.38	1.3253	8144.2	1.52753	8144.86	1.95686
1512401718409	13.89	8144.44	1.81046	8144.28	2.15097	8143.85	1.86396	8143.64	2.09921	8144.29	2.12837
1512401719442	13.89	8143.44	2.4037	8144.36	2.51462	8143.54	2.50384	8143.88	2.26053	8144.68	2.23574
1512401720595	13.89	8144.33	1.80278	8144.8	1.87083	8144.38	1.93815	8144.24	1.71464	8144.89	1.94818
1512401721617	13.9	8145.67	1.41421	8145.56	1.95959	8145.54	1.71345	8145.12	1.56312	8145.93	2.17345
1512401722731	13.9	8144.56	1.13039	8144.44	1.19304	8144.38	0.960769	8144.04	1.05987	8144.51	2.01326
1512401723772	13.9	8143	1.41421	8142.88	1.64114	8142.77	1.30089	8142.52	1.35769	8143.27	2.14141
1512401724777	13.89	8142.78	1.85592	8142.72	1.83757	8142.31	1.79743	8142.24	1.87705	8142.93	2.08682
1512401725808	13.89	8143.89	1.45297	8143.4	1.41421	8143.38	1.50214	8142.96	1.81384	8143.36	1.66241
1512401726846	13.89	8143.67	1.5	8143.16	1.772	8143	1.82574	8142.64	1.93391	8142.89	1.98263
1512401727884	13.89	8142.78	1.71594	8142.84	2.13464	8142.23	1.87767	8142.28	1.59478	8142.89	2.06596
1512401728885	13.9	8142.33	1.5	8142.4	1.77951	8142	1.47196	8141.8	1.35401	8143.09	2.4878
1512401729963	13.9	8142.11	1.61589	8142.28	1.59478	8141.92	1.49786	8141.6	1.5	8142.92	2.29205
1512401731032	13.9	8141	1.32288	8141.32	1.7253	8140.92	1.32045	8140.6	1.41421	8141.96	2.23801
1512401732100	13.9	8144.22	2.04803	8144.16	1.90788	8144	2	8143.84	1.8412	8143.64	1.99783
1512401733281	13.89	8142	1.22474	8142.24	1.45144	8141.92	1.32045	8141.84	1.31276	8142.05	1.91415
1512401734289	13.9	8142.22	1.85592	8142.64	2.03879	8142.15	1.57301	8141.96	1.88149	8142.27	2.22204
1512401735396	13.9	8141.78	1.7873	8142.56	2.08327	8142	1.91485	8141.84	1.90788	8142.63	2.05508
1512401736435	13.88	8140.78	1.64148	8141.32	2.19317	8140.85	2.19265	8140.68	2.01494	8141.49	2.08446
1512401737460	13.89	8143.44	1.87824	8143.4	1.84842	8143.31	1.84321	8142.92	1.89121	8142.4	2.05456
1512401738518	13.88	8142.22	1.20185	8142.36	1.49666	8142.15	1.46322	8141.96	1.56738	8143	1.95789
1512401739520	13.87	8143.89	1.96497	8143.96	1.79072	8143.54	1.76141	8143.4	1.93649	8143.6	1.96622
1512401740573	13.87	8143.22	1.92209	8143.24	1.64012	8142.92	1.70595	8142.76	1.50776	8143.3	1.95545
1512401741664	13.88	8144.33	1.80278	8143.84	1.67531	8143.77	1.73944	8143.4	1.84842	8143.4	1.92093
1512401742709	13.88	8144.33	1.73205	8143.6	2.02073	8143.69	1.88788	8143.2	1.91485	8143.88	2.3654
1512401743725	13.88	8144.33	2.06155	8143.96	2.0306	8143.92	2.01914	8143.64	1.89033	8144.02	2.12122
1512401744842	13.87	8143	1.73205	8143.24	2.20378	8143	1.87083	8142.88	1.83303	8144.05	2.2737
1512401745881	13.87	8144.11	1.83333	8142.72	2.11187	8143.46	1.85362	8142.4	1.95789	8142.66	2.12062
1512401746917	13.87	8142.89	1.61589	8141.96	1.79072	8142.38	1.75777	8141.8	1.87083	8142.67	2.18236
1512401747924	13.87	8142	1.65831	8141.76	2.00582	8141.85	1.40512	8141.4	1.84842	8142.19	2.33774
1512401748978	13.86	8140.44	1.5899	8140.84	2.37487	8140.15	1.62512	8140.44	1.75784	8141.35	2.22643
1512401749992	13.85	8143.67	1.65831	8143.56	1.75784	8143.62	1.38675	8143.12	1.36382	8143.9	1.95939
1512401751017	13.85	8143.11	1.61589	8143.36	1.72916	8143.08	1.38212	8142.8	1.38444	8143.74	1.95396
1512401752133	13.86	8145.78	2.3863	8145.8	2.17945	8145.77	2.31495	8145.32	1.86458	8145.35	1.98961
1512401753234	13.85	8146.44	1.87824	8146.04	2.40624	8145.85	1.90815	8145.64	2.13854	8146.08	2.2101
1512401754249	13.85	8147.33	1.5	8146.68	1.93046	8147.23	1.30089	8146.6	1.93649	8146.49	2.12652
1512401755419	13.85	8146.44	1.33333	8146.16	1.81842	8146.23	1.16575	8145.68	1.8421	8146.04	2.05491
1512401756463	13.85	8145.78	1.56347	8145.56	2.02237	8145.31	1.60128	8144.96	1.7673	8145.83	1.89667
1512401757517	13.85	8145.56	1.33333	8145.52	2.31157	8145.38	2.10311	8144.92	2.21585	8145.52	2.12395
1512401758561	13.85	8144.44	1.01379	8143.96	1.7673	8144	1.77951	8143.52	1.85113	8144.31	1.88932
1512401759590	13.84	8145.11	1.83333	8144.36	1.97653	8144.77	1.7867	8144.12	1.9218	8144.45	1.83666
1512401760680	13.85	8145.56	1.33333	8145.2	1.63299	8145.46	1.39137	8144.8	1.68325	8145.92	1.93358
1512401761722	13.85	8146	1.22474	8145.28	1.54164	8145.54	1.26592	8145.08	1.57903	8145.64	1.92112
1512401762747	13.85	8146.22	1.09291	8145.76	1.50776	8146	1.08012	8145.24	1.87705	8145.53	2.04391
1512401763773	13.84	8146	1.73205	8145.48	1.75879	8145.69	1.75046	8144.96	1.90351	8145.44	1.9916
1512401764796	13.84	8145.33	1.58114	8144.72	1.86011	8144.85	1.99358	8144.2	2.04124	8144.56	1.91698
1512401765825	13.85	8143.78	1.98606	8143.36	2.05913	8143.23	2.04751	8142.96	2.16949	8144.06	2.02892
1512401766850	13.84	8143.78	1.98606	8143.64	2.09921	8143.23	2.27866	8142.96	2.33595	8144.26	2.33747
1512401767866	13.85	8143.22	1.39443	8142.68	1.37598	8142.77	1.42325	8142.4	1.52753	8143.85	2.34736
1512401768910	13.84	8142.44	2.00693	8142.2	2.10159	8142.23	1.96443	8141.8	2.14087	8143.06	2.22249
1512401769927	13.84	8142.33	1.87083	8141.92	1.89121	8142.08	1.70595	8141.56	1.82757	8143.08	2.25771
1512401770937	13.83	8142.78	1.39443	8143.04	2.15019	8142.46	1.6641	8142.28	1.96893	8143.62	2.2565
1512401771987	13.84	8143.78	1.09291	8143.72	1.83757	8143.38	1.50214	8143.04	1.61967	8144.13	2.13173
1512401773004	13.84	8146.33	1.22474	8146.32	1.7253	8146.08	1.11516	8145.68	1.67631	8145.87	2.18394
1512401774017	13.84	8145.89	1.53659	8145.84	2.07525	8145.54	1.5064	8145.2	1.65831	8145.75	2.17294
1512401775074	13.83	8147.44	2.60342	8147.08	2.17792	8146.77	2.5217	8146.68	2.39305	8147.93	2.85316
1512401776115	13.84	8146.33	2.12132	8145.48	2.0025	8145.69	2.25036	8145.16	2.07525	8146.06	2.29398
1512401777137	13.84	8145	2	8144.56	1.78139	8144.69	1.84321	8144.16	1.74833	8145.75	2.45433
1512401778240	13.83	8145.11	1.76383	8145.08	2.03961	8144.85	1.77229	8144.72	2.03142	8145.44	2.11833
1512401779284	13.84	8145.44	1.50923	8145	1.60728	8145.15	1.46322	8144.8	1.60728	8145.32	2.28186
1512401780309	13.84	8143.56	1.50923	8143.48	1.63605	8143.54	1.39137	8143.24	1.69017	8143.99	2.12744
1512401781375	13.84	8142.44	1.74005	8142.48	1.93907	8142.38	1.44559	8142.04	1.83666	8143.23	2.24131
1512401782463	13.83	8143	2.5	8143.36	2.09921	8142.85	2.1543	8142.76	2.04695	8144.12	2.24654
1512401783473	13.83	8144.56	2.24227	8143.96	1.96808	8144.08	2.06	8143.64	1.95533	8144.91	2.23782
1512401784514	13.84	8144	1.5	8143.84	1.74833	8143.69	1.37747	8143.28	1.72047	8144.62	2.05318
1512401785524	13.83	8144.44	1.74005	8144.16	2.09523	8143.85	1.90815	8143.84	1.88591	8145.01	2.30486
1512401786550	13.84	8144	1.80278	8144.04	1.83666	8143.69	1.70219	8143.6	1.65831	8144.68	1.958
1512401787575	13.84	8144.56	2.69774	8144.44	2.32881	8144.23	2.27866	8144.16	2.01412	8145.42	2.2856
1512401788728	13.83	8146.11	1.83333	8145.88	1.85562	8145.85	1.62512	8145.4	1.73205	8145.87	2.04697
1512401789754	13.83	8146.56	2.12786	8145.68	2.19317	8146.15	2.03495	8145.48	2.14321	8145.84	2.27914
1512401790831	13.84	8146.22	1.48137	8145.72	1.54164	8145.69	1.60128	8145.4	1.58114	8145.66	1.80772
1512401791908	13.84	8144.78	1.71594	8144.96	2.07123	8144.62	1.7097	8144.52	1.78232	8145.21	2.04851
1512401792931	13.84	8143.56	1.5899	8143.92	2.08006	8143.69	1.54837	8143.4	1.93649	8144.64	2.13431
1512401793982	13.84	8145.11	1.90029	8145	2	8145.15	1.67562	8144.52	1.71075	8144.85	2.11227
1512401795112	13.84	8142.67	1.80278	8142.56	1.78139	8142.46	1.85362	8142.12	1.94336	8143.06	2.19181
1512401796149	13.85	8143.56	2.35112	8143.32	2.32236	8143.08	2.53185	8142.64	2.72152	8144.16	2.54135
1512401797164	13.84	8143.44	1.94365	8143.04	1.79072	8142.85	1.95133	8142.44	2.12289	8143.29	2.19345
1512401798304	13.85	8144.56	2.24227	8144.08	1.95619	8144.15	2.0755	8143.44	2.21886	8144.4	2.38734
1512401799317	13.84	8143.78	1.64148	8144.16	1.97231	8143.46	1.6641	8143.2	1.80278	8144.41	2.48607
1512401800464	13.83	8145.44	1.87824	8145.96	2.55734	8145.15	1.99358	8145.2	2.29129	8146.65	2.38675
1512401801593	13.83	8148.22	1.7873	8147.44	1.75784	8147.69	1.75046	8147.12	1.9218	8147.4	1.94759
1512401802635	13.84	8146.78	0.833333	8146.8	1.5	8146.38	1.1209	8146.4	1.47196	8146.97	1.83268
1512401803660	13.84	8146.67	1.73205	8146.84	1.54596	8146.54	1.45002	8146.56	1.50222	8147.05	1.825
1512401804686	13.84	8148.89	2.20479	8148.32	2.39305	8148.23	2.31495	8147.92	2.46509	8147.81	2.39781
1512401805695	13.84	8147.89	1.90029	8147.12	1.9	8147.08	2.06	8146.56	1.85023	8147.52	2.0794
1512401806743	13.84	8147.89	2.14735	8147.28	1.83757	8147.31	2.01596	8146.72	2.0108	8147.45	2.08876
1512401807747	13.83	8148.44	2.18581	8147.8	1.63299	8148.15	1.86396	8147.52	1.63605	8147.79	1.99516
1512401808772	13.84	8148	1.93649	8147.04	1.79072	8147.31	2.09701	8146.4	1.91485	8147.13	1.92267
1512401809814	13.84	8146.44	1.33333	8146.32	1.81934	8146.15	1.46322	8145.72	1.6207	8146.8	2.12441
1512401810817	13.84	8147.44	2.12786	8147.24	2.0672	8147.31	1.88788	8146.8	2.04124	8147.9	2.58917
1512401811857	13.83	8145.44	1.81046	8145.44	1.85023	8145.54	1.56074	8145.12	1.81016	8146.7	2.35912
1512401812875	13.83	8146.56	1.66667	8146	1.97906	8146.38	1.98068	8145.48	1.93907	8146.88	2.35962
1512401813917	13.84	8145.89	1.45297	8145.92	2.37908	8145.92	1.49786	8145.24	2.08726	8147.03	2.58488
1512401814993	13.84	8147.11	1.83333	8147.24	1.94251	8147.08	1.84669	8146.84	1.772	8148	2.26844
1512401816017	13.83	8146.44	1.424	8146.16	1.79536	8146.08	1.65638	8145.72	1.74452	8146.8	2.15363
1512401817028	13.83	8146.89	1.53659	8146.8	1.5	8146.54	1.45002	8146.32	1.54704	8146.98	2.34182
1512401818052	13.84	8147.78	1.64148	8148.4	2.25462	8147.62	1.89466	8147.52	2.12368	8147.83	2.30567
1512401819077	13.84	8147.67	1.80278	8147.92	1.49778	8148	1.58114	8147.36	1.65529	8147.69	1.9782
1512401820078	13.83	8148.78	0.833333	8148.8	2.02073	8148.77	1.58923	8148.36	1.95533	8149.41	2.32159
1512401821096	13.83	8150.89	1.2693	8150.4	2.12132	8150.38	1.89466	8149.96	2.16949	8150.68	2.30046
1512401822169	13.84	8148.78	1.64148	8148.56	1.82757	8148.62	1.7097	8148.16	1.7	8148.9	2.05133
1512401823262	13.84	8147.89	1.61589	8147.68	1.93046	8147.77	1.83275	8147.12	1.73973	8147.95	2.03803
1512401824287	13.85	8148.33	1.22474	8148.04	1.83666	8148.15	1.51911	8147.48	1.91746	8147.47	2.0892
1512401825313	13.84	8147.78	1.85592	8147.04	1.85921	8147.31	1.97419	8146.64	1.95533	8146.92	1.94812
1512401826383	13.84	8147.11	1.69148	8146.36	1.93391	8146.69	1.70219	8146.16	1.8412	8146.93	2.00536
1512401827413	13.84	8146.33	2	8146	2.06155	8146	2.08167	8145.52	1.89561	8146.38	2.00991
1512401828478	13.84	8144.67	1.73205	8144.88	1.94336	8144.38	1.80455	8144.44	1.68523	8145.74	2.25407
1512401829539	13.84	8146.56	1.13039	8146.04	1.74356	8146.62	1.04391	8145.8	1.70783	8146.1	1.97633
1512401830653	13.83	8146.44	1.5899	8146.72	1.88237	8146.62	1.55662	8146.16	1.72434	8146.57	2.03012
1512401831687	13.84	8145.89	1.2693	8146.44	2.06317	8146.38	1.44559	8145.56	2.2561	8146.18	2.07245
1512401832831	13.83	8145.33	1.32288	8145.48	1.71075	8145.23	1.23517	8144.84	1.67531	8145.75	1.96858
1512401833871	13.83	8146.33	1.58114	8146.24	1.39284	8146.23	1.36344	8145.84	1.1431	8146.7	2.02146
1512401834914	13.83	8144.56	1.66667	8145.24	2.00582	8144.62	1.44559	8144.56	1.35647	8146.09	2.07204
1512401835923	13.83	8149.11	0.781736	8148.48	2.0232	8148.77	1.01274	8148	2	8148.16	2.06914
1512401836973	13.84	8147.22	1.30171	8146.72	2.0108	8146.92	1.25576	8146.08	1.68127	8147.35	2.00227
1512401838077	13.84	8146.89	1.61589	8146.4	1.58114	8146.31	1.6525	8145.84	1.62481	8146.72	2.19532
1512401839103	13.84	8146.33	1.32288	8146.08	2.05994	8146	1.77951	8145.64	2.05913	8146.22	2.21367
1512401840128	13.84	8146.78	1.20185	8146.2	1.63299	8146.46	1.19829	8145.88	1.61555	8146.52	2.30284
1512401841154	13.83	8145.11	0.927961	8144.52	1.35769	8144.77	1.16575	8144.12	1.30128	8144.95	2.28056
1512401842180	13.84	8145.44	0.881917	8145.28	1.4	8145.15	0.898717	8144.8	1.41421	8145.82	2.08748
1512401843253	13.83	8144.33	1.22474	8144.4	2.29129	8144.08	1.84669	8144.04	1.98914	8145.28	2.28597
1512401844277	13.83	8144.33	1.41421	8144.4	1.70783	8144.15	1.57301	8143.96	1.48549	8145.09	2.02008
1512401845371	13.83	8143.33	1.73205	8143.52	1.91746	8143.31	1.6525	8142.92	1.52534	8144.55	2.12583
1512401846396	13.84	8145.11	1.2693	8145.04	1.79072	8144.77	1.58923	8144.36	1.8	8145.14	2.25141
1512401847481	13.84	8144.11	1.61589	8144.52	1.75879	8144.15	1.62512	8143.84	1.59896	8145.06	2.07321
1512401848545	13.83	8143.78	0.833333	8143.96	1.69509	8143.85	1.14354	8143.36	1.72916	8144.45	1.96026
1512401849585	13.84	8143.89	1.16667	8143.8	1.82574	8143.62	1.38675	8143.28	1.69607	8144.9	2.23831
1512401850625	13.83	8143.22	1.64148	8142.88	1.83303	8143	1.63299	8142.52	1.80555	8143.3	2.24603
1512401851747	13.84	8145.22	2.27913	8144.4	1.93649	8144.69	2.13638	8143.64	2.58005	8143.09	2.7778
1512401852934	13.84	8143.67	1.80278	8142.8	1.93649	8142.92	2.17798	8142.04	2.28181	8142.6	2.2294
1512401854027	13.84	8141.44	1.5899	8141.6	2.02073	8141.38	1.80455	8140.92	1.80093	8142.22	2.24636
1512401855044	13.84	8143.56	1.23603	8143.44	1.75784	8143.69	1.1094	8142.8	1.70783	8143.1	2.40001
1512401856196	13.84	8142.11	1.53659	8142.16	1.79536	8142.31	1.4367	8141.72	1.54164	8142.73	2.31441
1512401857215	13.84	8141.67	1.41421	8142.12	2.24202	8141.38	1.3253	8141.2	1.82574	8142.81	2.63184
1512401858243	13.84	8141.67	1.65831	8142.24	2.25979	8141.54	1.6641	8141.36	1.91224	8143.42	2.48223
1512401859283	13.84	8144.11	1.83333	8144.08	2.30796	8144	2.19848	8143.52	2.10396	8144.51	2.95825
1512401860311	13.84	8144.22	1.39443	8143.88	1.78699	8144	1.47196	8143.08	1.77764	8143.86	2.42085
1512401861377	13.83	8143.67	1.32288	8143.32	1.99416	8143.38	1.3253	8142.6	2.04124	8143.35	2.52461
1512401862465	13.84	8143.78	1.48137	8143.84	2.09523	8143.54	1.6641	8142.96	1.88149	8143.41	2.5887
1512401863474	13.85	8142.33	1.80278	8142.88	2.1276	8142.46	2.02548	8142.08	2.05994	8142.94	2.37308
1512401864500	13.84	8140.67	1.58114	8141.28	2.44131	8140.62	2.32875	8140.4	2.38048	8142.2	2.74348
1512401865542	13.84	8142.89	1.61589	8143.12	1.98578	8142.54	1.56074	8142.2	1.70783	8143.78	2.77772
1512401866568	13.83	8143	1.32288	8143.08	1.84662	8142.69	1.37747	8142.24	1.78606	8143.32	2.22874
1512401867593	13.84	8144	2	8143.28	2.09205	8143.38	2.18092	8142.6	2.06155	8143.01	2.31503
1512401868732	13.86	8143.56	1.66667	8143.08	2.19697	8142.92	1.75412	8142.4	1.97906	8143.59	2.54814
1512401869933	13.84	8142.67	1.87083	8142.48	2.10396	8142.54	1.56074	8142.08	1.95619	8142.97	2.26024
1512401871025	13.85	8142	1.5	8141.56	2.10317	8141.69	1.60128	8141.32	1.97315	8142.47	2.14585
1512401872160	13.85	8142	1.5	8141.76	2.42006	8141.85	1.40512	8141.08	1.91311	8142.6	2.43913
1512401873166	13.84	8142.89	2.08833	8142.88	2.80357	8142.46	2.78733	8142.24	2.47117	8143.6	2.59234
1512401874187	13.84	8143.67	2.23607	8143.88	2.06801	8143.62	2.18092	8143.2	2.04124	8144.75	2.60664
1512401875213	13.84	8144.44	1.81046	8144.16	1.7	8144.31	1.70219	8143.76	1.73877	8144.63	2.19034
1512401876255	13.86	8142.78	1.85592	8143.2	2.38048	8142.85	2.19265	8142.4	1.97906	8143.47	2.20096
1512401877291	13.87	8140.33	1.80278	8140.44	1.85023	8140	2.08167	8139.84	1.67531	8141.53	2.16518
1512401878343	13.85	8141.11	0.927961	8141.36	1.8	8141.08	1.11516	8140.48	1.91746	8141.81	2.2745
1512401879378	13.86	8142.33	1.32288	8142.04	1.51327	8142.15	1.3445	8141.52	1.66132	8142.19	2.11629
1512401880392	13.84	8142.11	2.14735	

CLEANED LENS

Timetstamp	FPA	Aux	C9	Sigma	C25	Sigma	D13	Sigma	D25	Sigma	R8	Sigma
1512402077582	14.38	8099.11	2.47207	8099.16	2.01412	8098.92	2.2532	8098.88	1.87794	8100.06	2.03149
1512402079005	14.48	8099.11	2.47207	8099.16	2.01412	8098.92	2.2532	8098.88	1.87794	8100.06	2.03149
1512402080138	14.47	8093.11	1.45297	8093.2	1.77951	8093.15	1.90815	8092.96	1.7673	8091.73	2.06154
1512402081182	14.46	8086.78	1.56347	8087.56	1.58325	8087.23	1.69085	8087.48	1.66132	8087.46	1.6551
1512402082212	14.45	8091	1.65831	8092.32	1.86458	8091.62	1.75777	8092.16	1.67531	8092.79	1.83753
1512402083302	14.43	8097.78	1.30171	8097.76	1.73877	8097.69	1.4367	8097.52	2.04369	8098.06	2.27218
1512402084362	14.43	8101.11	2.61937	8102.28	2.85073	8101.46	2.72688	8101.88	3.1	8102.62	2.27489
1512402085415	14.43	8105.56	3.32081	8105.76	2.63439	8105.54	2.72688	8105.8	2.61406	8106.22	2.25395
1512402086439	14.42	8110	3	8109.24	2.24128	8109.62	2.75495	8109.24	2.27816	8108.31	2.03274
1512402087457	14.43	8109.22	2.16667	8108.4	2.14087	8109	2.16025	8108.92	1.84662	8108.9	1.93263
1512402088481	14.42	8108.89	1.45297	8109.6	1.55456	8109.23	1.58923	8109.68	1.57374	8109.79	1.80524
1512402089599	14.41	8111.44	2.45515	8111.48	2.12368	8111.46	2.18386	8111.44	2.18098	8111.03	1.82833
1512402090623	14.41	8111.56	2.06828	8111.84	2.21133	8111.69	1.84321	8111.64	2.34307	8111.9	1.95513
1512402091738	14.41	8111.33	2	8111.2	2.06155	8111.38	2.10311	8111.08	2.01908	8110.93	1.86941
1512402092820	14.41	8111.56	2.06828	8112.08	1.99833	8111.54	1.98391	8111.76	1.94251	8112.33	1.88253
1512402093845	14.41	8110.33	1.58114	8111.08	1.75404	8110.46	1.56074	8110.72	1.88237	8110.63	1.86963
1512402094871	14.4	8110	1.11803	8110.4	1.55456	8110	1.29099	8110.32	1.51987	8110.54	1.86508
1512402095934	14.4	8107.78	1.30171	8108.76	1.94251	8108.08	1.60528	8108.6	1.89297	8109.26	1.87295
1512402097027	14.39	8108.67	1.32288	8108.48	1.80555	8108.77	1.64083	8108.56	1.78139	8108.4	1.76847
1512402098088	14.38	8107.44	1.50923	8107.16	1.59896	8107.31	1.31559	8107.32	1.51987	8107.69	1.78967
1512402099127	14.37	8106.44	1.5899	8106.2	1.70783	8106.38	1.44559	8106.4	1.68325	8107.21	1.89062
1512402100208	14.36	8107.22	1.39443	8107.08	1.35154	8106.92	1.32045	8107.12	1.36382	8107.43	1.7159
1512402101228	14.35	8106	1.58114	8105.76	1.45144	8105.77	1.48064	8105.76	1.45144	8105.99	1.75148
1512402102267	14.35	8105.44	1.5899	8105.6	1.73205	8105.46	1.61325	8105.6	1.58114	8105.34	1.66319
1512402103341	14.35	8103.78	1.20185	8104.28	1.56844	8104	1.22474	8104.24	1.69017	8103.57	1.743
1512402104435	14.33	8102.44	1.50923	8102.72	1.59478	8102.54	1.6641	8102.64	1.62993	8102.12	1.60568
1512402105461	14.33	8100.89	1.61589	8101.92	2.01908	8101.31	1.93152	8101.76	1.94251	8101.76	1.96791
1512402106533	14.32	8099.56	1.23603	8100	1.29099	8099.77	1.09193	8100.08	1.44106	8099.87	1.7733
1512402107625	14.32	8097.78	1.71594	8098.44	1.68523	8098	1.68325	8098.52	1.82848	8098.25	1.89099
1512402108651	14.31	8097.22	1.7873	8097.56	2.06317	8097.23	1.83275	8097.32	1.99416	8096.82	1.73807
1512402109687	14.31	8095.11	1.61589	8095.64	1.57797	8095.31	1.54837	8095.48	1.5843	8095.55	1.60043
1512402110734	14.31	8094.44	1.74005	8094.24	1.61452	8094.23	1.7867	8093.92	1.75404	8094.1	1.79862
1512402111776	14.29	8092.78	1.92209	8092.88	1.69115	8092.69	1.70219	8092.64	1.72916	8092.43	1.63507
1512402112784	14.27	8090.67	1.80278	8091.24	1.85472	8090.85	1.72463	8091.08	1.70587	8091.24	1.68794
1512402113878	14.26	8091.44	0.881917	8091.32	0.945163	8091.23	0.926809	8091.4	1.19024	8090.88	1.64731
1512402114931	14.25	8087.56	1.74005	8087.48	1.38804	8087.46	1.45002	8087.6	1.65831	8087.89	1.72526
1512402115945	14.25	8088.56	1.50923	8087.96	1.74356	8087.92	2.01914	8088	1.87083	8087.5	1.69903
1512402117019	14.24	8087.44	1.66667	8087.36	1.65529	8087.08	1.84669	8087.2	1.77951	8086.5	1.68981
1512402118026	14.24	8086.22	1.85592	8086.6	1.84842	8086.08	1.84669	8086.28	2.07204	8086.44	1.95448
1512402119053	14.22	8085	1.73205	8085.36	1.89033	8084.92	1.60528	8085.24	1.89912	8085.46	1.69244
1512402120058	14.22	8083.33	1.22474	8083.56	1.38684	8083.46	1.33012	8083.28	1.69607	8083.61	1.78515
1512402121071	14.21	8083	1.80278	8082.72	1.88237	8083	1.52753	8082.72	1.86011	8082.25	1.74413
1512402122097	14.21	8079.44	2.00693	8080.16	2.09523	8079.92	1.93484	8080.2	2.08167	8080.45	1.88977
1512402123109	14.22	8079.78	1.64148	8079.76	1.47986	8079.62	1.60927	8079.52	1.71075	8079.6	1.81756
1512402124151	14.19	8078.11	2.02759	8078.44	2.14243	8077.92	2.2532	8078.16	2.46103	8078.19	1.95161
1512402125160	14.19	8077.22	1.98606	8077.28	1.79165	8077.15	2.33973	8076.84	2.07525	8076.38	1.84508
1512402126202	14.19	8076.78	1.7873	8077.04	1.51327	8077	1.73205	8076.84	1.54596	8076.27	1.9344
1512402127211	14.18	8076.44	1.87824	8076.52	1.63605	8076.23	1.58923	8076.08	1.57903	8076.39	1.9231
1512402128268	14.16	8075.11	2.26078	8075.16	2.05508	8074.92	2.21591	8074.88	1.78699	8075.19	1.80264
1512402129367	14.15	8074.33	2.64575	8074.4	2.17945	8074.15	2.54448	8074.48	2.10396	8074.57	1.97023
1512402130418	14.14	8072.89	2.42097	8073.16	1.97231	8073.15	2.40992	8073.16	2.11503	8073.91	2.06849
1512402131444	14.14	8073.67	1.65831	8073.64	1.41067	8073.54	1.56074	8073.56	1.47422	8073.32	1.81389
1512402132470	14.13	8072.11	1.83333	8072.96	1.7195	8072	1.58114	8072.8	1.68325	8072.62	1.93599
1512402133481	14.13	8072.22	2.04803	8073.4	2.39792	8072.31	2.28709	8073.32	2.21209	8073.1	2.1325
1512402134631	14.12	8071.11	1.76383	8071.72	1.48661	8071.31	1.60128	8071.8	1.52753	8071.53	1.82016
1512402135670	14.11	8070.89	1.69148	8070.72	1.42945	8070.62	1.60927	8070.84	1.57268	8070.69	1.79023
1512402136686	14.1	8069.44	1.74005	8069.56	1.47422	8069.38	1.50214	8069.72	1.6207	8069.73	1.83427
1512402137713	14.1	8069.44	1.424	8069.48	1.55778	8069.15	1.40512	8069.52	1.29486	8069.75	1.85764
1512402138724	14.1	8068.22	1.20185	8068.44	1.26095	8068.15	1.28103	8068.48	1.32665	8068.42	1.64729
1512402139881	14.1	8066.78	1.20185	8067.36	1.46856	8066.77	1.30089	8067.28	1.51438	8067.3	1.71112
1512402140914	14.1	8065.89	1.76383	8066.6	1.63299	8065.92	1.70595	8066.48	1.93907	8066.6	1.78577
1512402141961	14.09	8065.78	1.09291	8066.16	1.57268	8065.62	1.26085	8066.08	1.75404	8066.8	2.02731
1512402143068	14.08	8065.44	1.23603	8065.28	1.33915	8065.08	1.25576	8065.24	1.47986	8065.78	1.76101
1512402144143	14.07	8065.11	1.76383	8065.8	1.87083	8065.23	1.69085	8065.72	1.86011	8065.82	1.77754
1512402145171	14.07	8065.44	1.94365	8065.88	2.02731	8065.54	1.6641	8065.68	1.8421	8066.04	1.96806
1512402146259	14.07	8067.56	2.00693	8066.88	1.83303	8067.46	1.76141	8067.2	2	8066.38	2.04586
1512402147332	14.08	8065.33	1.80278	8065.52	1.5308	8065.38	1.60927	8065.56	1.63503	8065.39	1.74681
1512402148352	14.06	8063.78	1.71594	8064.24	1.76257	8064	1.58114	8064.28	1.86011	8063.99	1.87358
1512402149366	14.04	8064.22	1.39443	8064.68	1.51987	8064.31	1.4367	8064.88	1.56312	8064.32	2.04135
1512402150459	14.03	8063.44	1.23603	8063.88	1.26886	8063.62	1.1209	8064.04	1.45717	8063.92	1.99718
1512402151618	14.04	8063.89	1.96497	8063.72	1.54164	8063.62	1.80455	8063.72	1.64621	8063.16	1.72804
1512402152690	14.03	8060.56	2.00693	8061.12	1.73973	8060.31	1.79743	8061.44	2.06317	8062.19	2.05384
1512402153713	14.02	8059.89	1.83333	8060.8	2.17945	8060	2	8061	2.3094	8061.24	1.9352
1512402154790	14.01	8060.67	2.39792	8060.76	2.33238	8060.46	2.3315	8060.76	2.35018	8060.62	2.20958
1512402155832	14.02	8059.11	1.83333	8060.12	2.04776	8059.15	1.62512	8060	2.23607	8060.38	2.0862
1512402156857	14.01	8061.33	2.17945	8060.76	1.94251	8061.23	1.87767	8061.2	2.02073	8060.89	2.30431
1512402157887	14	8061.33	1	8061.4	1.41421	8061	1	8061.48	1.47535	8062.15	2.03605
1512402158958	14	8058.78	1.85592	8059.68	2.13542	8059.23	1.96443	8059.88	2.16641	8060.57	2.25382
1512402160049	13.98	8059.44	1.74005	8060.24	1.89912	8059.69	1.6525	8060.24	1.98494	8060.9	2.26146
1512402161074	13.99	8060.78	1.7873	8060.52	1.68622	8060.54	1.61325	8060.6	2	8060.46	2.12862
1512402162100	13.98	8058.67	1.5	8059.72	2.31876	8059.31	1.6525	8059.64	2.41316	8059.13	2.0307
1512402163126	13.98	8058.44	1.23603	8059.52	1.93907	8058.62	1.1209	8059.56	2.00167	8059.91	2.0569
1512402164151	13.97	8058.22	1.20185	8058.88	1.56312	8058.46	1.39137	8058.88	1.64114	8059.26	1.85057
1512402165173	13.97	8058.11	2.02759	8058.36	1.52425	8058.15	1.72463	8058.4	1.60728	8059.15	1.9799
1512402166254	13.97	8057.33	2.12132	8058.32	2.09603	8057.62	1.85016	8058.08	2.11975	8058.4	1.96118
1512402167461	13.95	8056.22	2.33333	8057.28	2.31876	8056.38	2.32875	8057.08	2.25315	8057.95	2.13671
1512402168481	13.95	8058.44	2.12786	8058.76	1.80924	8058.54	2.06621	8058.8	2.04124	8059.11	1.92772
1512402169507	13.95	8057.33	2.12132	8058.08	1.80093	8057.54	2.22169	8058.04	1.96808	8057.8	1.74481
1512402170533	13.93	8057.78	1.92209	8058.68	1.90875	8058.08	1.97744	8058.48	1.80555	8058.52	1.77979
1512402171607	13.92	8058.67	2.06155	8058.76	1.78606	8058.54	1.8081	8058.72	1.90438	8058.55	1.92797
1512402172633	13.92	8057.44	1.87824	8058	1.84842	8057.46	1.76141	8057.88	2.06801	8058.12	1.93786
1512402173639	13.92	8054.67	2.39792	8055.2	2.19848	8054.85	2.1543	8055.12	2.24202	8056.03	2.02049
1512402174659	13.92	8054.78	1.85592	8056.4	2.95804	8055.23	1.96443	8056.48	2.93144	8057.11	2.28844
1512402175662	13.91	8056.56	2.06828	8057.12	2.1276	8056.54	1.8081	8056.96	1.94679	8057.71	2.1087
1512402176708	13.91	8058.11	2.848	8058.68	2.23084	8058.23	2.5217	8058.68	2.46171	8058.45	2.00218
1512402177713	13.92	8056.67	1.80278	8057.36	1.8	8057.08	1.84669	8057.32	1.97315	8057.36	1.98737
1512402178836	13.91	8057	2.29129	8057.88	2.2971	8057.23	2.08782	8057.64	2.2891	8058.62	2.42318
1512402179899	13.91	8055.89	1.76383	8056.76	1.80924	8056.23	1.83275	8056.6	1.84842	8056.9	1.86124
1512402181002	13.9	8056.67	1.41421	8057.28	1.6207	8056.92	1.25576	8057.12	1.58955	8057.19	1.96573
1512402182041	13.91	8054.22	2.16667	8054.8	2.19848	8054.46	2.06621	8054.88	2.2971	8055.85	1.98516
1512402183078	13.9	8054.67	1.32288	8055.12	1.9218	8054.77	1.16575	8054.92	1.84662	8055.59	1.99826
1512402184103	13.9	8054.89	2.47207	8055.48	2.2383	8054.85	2.1543	8055.36	2.19621	8055.94	1.94354
1512402185121	13.9	8054	2.29129	8054.84	2.2301	8054.08	2.13937	8054.8	2.25462	8055.24	1.98897
1512402186245	13.89	8052.78	2.27913	8053.88	2.08806	8053.15	2.11527	8053.92	2.25315	8054.12	1.93415
1512402187293	13.88	8053.44	1.81046	8054.64	2.41316	8053.85	1.90815	8054.36	2.41316	8054.73	1.96379
1512402188377	13.89	8053.22	1.71594	8054.04	1.96808	8053.54	1.8081	8054	2	8055.01	1.96318
1512402189535	13.9	8053	1.5	8053.52	1.68622	8053.08	1.44115	8053.56	1.66032	8054.27	1.86803
1512402190599	13.89	8052.89	2.08833	8053.16	1.88591	8052.85	1.90815	8052.96	2.00998	8053.65	1.93614
1512402191624	13.88	8053.78	1.85592	8054.16	1.99332	8053.62	1.85016	8053.88	1.96469	8054.08	2.04613
1512402192626	13.89	8052.22	1.71594	8052.6	1.63299	8052.23	1.58923	8052.28	1.59478	8052.89	1.91583
1512402193654	13.89	8053.33	2.06155	8054	2.3094	8053.38	1.89466	8053.88	2.18556	8054.56	2.22374
1512402194702	13.88	8053	1.5	8053.28	1.81475	8052.92	1.5525	8053.12	1.81016	8053.41	1.95877
1512402195703	13.89	8052.33	1.22474	8052.32	1.62583	8052.08	1.18754	8052.28	1.64621	8052.98	1.97104
1512402196762	13.88	8051.89	1.05409	8052.12	1.53623	8051.85	1.14354	8052	1.58114	8052.71	1.92537
1512402197840	13.88	8051.89	1.05409	8052.12	1.53623	8051.85	1.14354	8052	1.58114	8052.71	1.92537
1512402202261	13.68	8124.44	3.04594	8124.56	2.55082	8125.15	2.79422	8124.84	2.9676	8124.58	2.80361
1512402203352	13.73	8114.89	0.781736	8115.44	1.93821	8115.38	1.38675	8115.48	2.0025	8115.18	2.14652
1512402204378	13.75	8113.11	1.45297	8113.44	1.15758	8113.31	1.25064	8113.48	1.55778	8112.96	1.60524
1512402205404	13.78	8113.11	2.14735	8113.8	1.77951	8113.46	2.22169	8113.92	1.97737	8113.17	1.78442
1512402206414	13.78	8111.44	1.424	8112.6	1.75594	8112.15	2.0755	8112.68	1.95192	8113.16	1.84467
1512402207458	13.8	8117	1.32288	8117.2	1.63299	8117	1.29099	8117.08	1.49778	8117.38	1.94939
1512402208481	13.81	8116.78	1.09291	8117.28	1.45831	8116.92	0.954074	8117.24	1.47986	8117.89	1.90325
1512402209507	13.84	8120.56	0.881917	8120.8	1.29099	8121.08	1.32045	8121.24	1.50776	8121.05	2.0533
1512402210532	13.86	8122.11	1.83333	8122	1.58114	8122.31	1.60128	8122.12	1.66633	8121.79	1.92531
1512402211558	13.88	8122.44	1.81046	8123.04	1.59374	8122.69	1.75046	8122.8	1.41421	8123.13	1.86036
1512402212629	13.88	8123.89	1.69148	8123.8	1.75594	8124.46	1.6641	8124	1.77951	8123.84	1.91939
1512402213655	13.9	8124.22	1.39443	8124.36	1.25433	8124.38	1.38675	8124.72	1.51438	8124.66	1.94603
1512402214680	13.9	8123	1.73205	8123.28	1.42945	8123.38	1.60927	8123.56	1.58325	8123.4	1.83184
1512402215707	13.91	8123.89	2.08833	8124.44	1.95959	8124.23	1.83275	8124.52	2.04369	8124.52	2.18916
1512402216800	13.92	8124.78	1.20185	8125.76	2.0672	8125.31	1.75046	8125.72	1.92614	8125.15	1.83703
1512402217810	13.93	8125.11	1.83333	8125.88	2.22336	8125.15	1.81871	8125.68	1.97315	8125.61	2.05884
1512402218838	13.93	8123	2	8124.08	2.03961	8123.31	2.09701	8123.88	1.96469	8124.24	1.98305
1512402219887	13.95	8122.78	1.30171	8123.32	1.28193	8122.92	1.18754	8123.32	1.31403	8123.31	2.04551
1512402220980	13.96	8122.22	2.16667	8123.24	1.85472	8122.62	1.98068	8123.24	1.76257	8123.4	2.0672
1512402222027	13.96	8122.11	1.83333	8122.88	1.61555	8122.31	1.60128	8122.72	1.59478	8123.11	1.95884
1512402223067	13.96	8121	1.87083	8121.72	1.94765	8121.23	1.7867	8121.6	1.89297	8121.9	1.97896
1512402224106	13.96	8119.33	2.17945	8120.56	2.00167	8119.92	2.39658	8120.4	2.08167	8120.53	1.85418
1512402225120	13.96	8118.67	1.5	8119.12	1.69115	8118.92	1.5525	8119.32	1.51987	8119.41	1.7658
1512402226145	13.96	8118	1.73205	8118.32	1.74929	8118.31	1.54837	8118.4	1.73205	8118.84	1.91488
1512402227171	13.97	8118.33	1	8118.72	1.51438	8118.69	1.31559	8118.72	1.4	8118.7	1.89595
1512402228196	13.97	8116.11	1.69148	8117.08	1.52534	8116.69	1.70219	8117.32	1.8421	8117.58	2.15441
1512402229222	13.97	8114.22	1.30171	8115.08	1.49778	8114.69	1.54837	8115.24	1.64012	8115.66	2.17838
1512402230297	13.97	8113.89	1.2693	8114.92	1.89121	8114.69	1.75046	8115.08	1.80093	8115.49	2.13385
1512402231388	13.96	8112.78	1.20185	8114.04	1.7673	8113.62	1.66024	8114.28	1.88237	8114.3	2.02609
1512402232484	13.97	8113.56	1.50923	8114.6	1.87083	8114.23	1.69085	8114.52	1.75879	8115.02	1.99468
1512402233564	13.96	8113.56	1.66667	8114.2	1.91485	8114.23	2.0064	8114.4	2	8114.2	1.89093
1512402234571	13.98	8112.89	2.31541	8114.04	2.28181	8113.85	2.51151	8113.88	2.04776	8113.77	1.96316
1512402235613	13.97	8112.11	1.2693	8112.92	1.6052	8112.77	1.58923	8112.84	1.772	8112.52	2.01839
1512402236677	13.96	8111.44	1.74005	8112.12	1.48099	8111.92	1.65638	8112.2	1.65831	8111.6	1.83751
1512402237770	13.96	8109.56	1.23603	8110.56	1.63503	8110.38	1.75777	8110.6	1.95789	8111.2	2.21632
1512402238795	13.96	8110.22	1.39443	8110.8	1.29099	8110.77	1.58923	8111.04	1.59374	8110.93	1.80708
1512402239807	13.96	8109.11	1.05409	8109.52	1.38804	8109.31	1.1094	8109.56	1.44568	8109.51	1.75627
1512402240830	13.96	8109.11	1.69148	8109.12	1.45258	8109.38	1.50214	8109.12	1.61555	8108.88	1.84879
1512402241858	13.96	8107.78	1.7873	8108.24	1.73877	8108.31	1.93152	8108.12	1.9218	8107.79	1.9098
1512402242884	13.96	8106.67	2	8107.24	1.78606	8107.08	1.97744	8107	2.02073	8106.77	1.76772
1512402243933	13.96	8104.67	2.12132	8105.8	1.84842	8105.23	2.12736	8105.56	2.06317	8105.62	1.96271
1512402244959	13.95	8105.78	2.86259	8106.52	2.08407	8106.38	2.66266	8106.64	2.19621	8106.24	2.00655
1512402245986	13.93	8104.67	2.29129	8105.6	1.87083	8105.38	2.2188	8105.64	1.91224	8105.68	1.91447
1512402247009	13.95	8104	1.80278	8104.92	1.84662	8104.85	2.1543	8104.96	1.85921	8104.59	1.95368
1512402248129	13.95	8103.89	1.61589	8104.8	1.91485	8104.92	2.13937	8104.88	1.96469	8104.46	1.90662
1512402249175	13.93	8102	1.32288	8103.08	1.6052	8102.85	1.81871	8103.24	1.66533	8103.38	2.03023
1512402250192	13.93	8102.11	1.83333	8103.64	1.93391	8102.77	2.0064	8103.28	1.81475	8103.6	1.97178
1512402251330	13.95	8102.78	1.64148	8103.88	1.56312	8103.69	1.97419	8103.96	1.7673	8103.55	1.89253
1512402252340	13.95	8101.22	1.64148	8102.16	1.59896	8102.23	2.08782	8102.12	1.58955	8101.86	1.90288
1512402253383	13.92	8100.67	1	8101.92	1.77764	8101.54	1.71345	8102.4	1.95789	8102.34	1.92222
1512402254408	13.92	8100.11	1.16667	8100.76	1.50776	8100.46	1.33012	8101.04	1.3687	8101.22	1.91058
1512402255511	13.92	8099.33	1.32288	8100.04	1.3687	8099.69	1.31559	8100.24	1.3626	8100.24	1.9251
1512402256528	13.93	8099.22	1.71594	8100.12	1.61555	8099.77	2.04751	8100.16	1.74833	8099.99	2.03866
1512402257584	13.92	8098.22	1.71594	8099.16	1.59896	8098.85	1.90815	8099.4	1.70783	8099.58	1.82454
1512402258634	13.92	8097.56	1.33333	8098.28	1.45831	8098.08	1.75412	8098.32	1.62583	8098.41	1.70273
1512402259661	13.91	8096.67	1.11803	8097.72	2.15097	8097.46	2.06621	8097.88	2.14709	8098.07	1.92046
1512402260686	13.91	8097.56	1.50923	8098.16	1.772	8098.23	1.7867	8098.56	1.68523	8098.18	1.80856
1512402261701	13.91	8097.67	1.87083	8098.48	1.85113	8097.92	1.84669	8098.6	1.87083	8098.3	1.89869
1512402262759	13.91	8098.67	1.11803	8098.88	1.50886	8099.08	1.5525	8099.12	1.61555	8098.32	1.7466
1512402263763	13.9	8097.78	0.971825	8098.88	1.85562	8098.46	1.5064	8098.76	2.02649	8098.85	1.91477
1512402264787	13.91	8096.33	1	8097.92	1.93477	8097.23	2.0064	8097.68	1.97315	8097.94	1.86421
1512402265794	13.9	8095.11	1.53659	8096.4	2.16025	8096	2.38048	8096.6	2.16025	8097.01	1.99869
1512402266839	13.91	8095.44	1.33333	8096.32	1.46401	8095.92	1.49786	8096.56	1.55671	8096.88	1.9794
1512402267888	13.91	8095.22	1.64148	8095.88	1.48099	8095.69	1.6525	8095.96	1.48549	8095.83	1.95082
1512402268938	13.9	8093.78	1.09291	8095.08	1.6563	8094.62	1.85016	8095.16	1.7	8096.06	1.93968
1512402270010	13.9	8094.33	1.73205	8095.32	1.70098	8094.92	2.10006	8095.16	1.67531	8095.3	1.89044
1512402271047	13.89	8096.11	1.83333	8096.68	2.24944	8097.23	2.48843	8097.08	2.1	8096.42	2.1252
1512402272072	13.9	8096.22	2.10819	8096.64	1.97653	8096.69	1.97419	8096.84	1.8412	8096.14	2.08569
1512402273147	13.89	8095.33	1.5	8096.2	1.63299	8096	1.87083	8096.36	1.68028	8096.43	1.93825
1512402274238	13.89	8092.89	2.47207	8094.04	2.11108	8093.46	2.36697	8093.96	2.22636	8094.16	2.06324
1512402275340	13.88	8092.78	2.27913	8093.44	1.85023	8093.23	2.16617	8093.64	1.95533	8093.9	1.93801
1512402276403	13.88	8094.11	1.61589	8095.24	1.61452	8094.62	1.75777	8095.04	1.51327	8095.58	1.97795
1512402277415	13.88	8095.56	1.66667	8095.8	1.58114	8095.77	1.69085	8096	1.68325	8095.95	1.94532
1512402278432	13.88	8094.56	1.66667	8095.44	1.66032	8095.15	1.86396	8095.4	1.65831	8095.49	1.9179
1512402279464	13.88	8093.22	1.64148	8094.32	1.8868	8093.69	1.97419	8094.16	1.95107	8094.77	2.10403
1512402280506	13.87	8092.78	1.71594	8094.52	2.10396	8093.77	2.35067	8094.44	2.16179	8094.83	2.08253
1512402281577	13.87	8093.22	1.39443	8094.32	1.65126	8094	2	8094.4	1.87083	8094.45	1.88425
1512402282606	13.87	8093.33	2.29129	8094.16	1.88591	8093.85	2.30384	8094.2	2.02073	8093.47	2.08927
1512402283696	13.88	8093.22	1.64148	8094.08	1.73013	8093.69	1.75046	8093.96	1.83666	8093.96	1.89526
1512402284722	13.87	8092	1.5	8093.08	2.08006	8092.46	1.76141	8093.04	1.96808	8093.2	1.96389
1512402285780	13.87	8092	1.73205	8092.76	2.12681	8092.31	1.93152	8092.72	1.98997	8092.83	2.0242
1512402286788	13.86	8090.78	1.92209	8091.72	2.07204	8091.38	2.32875	8091.68	1.93046	8092.08	2.11969
1512402287809	13.86	8094.22	2.3863	8095.16	2.2301	8095.08	2.46514	8095.16	2.44404	8093.87	2.24826
1512402288873	13.86	8092.22	1.7873	8093.28	1.59478	8093.08	2.01914	8093.28	1.76824	8093.2	1.96998
1512402289975	13.85	8093.11	1.53659	8093.92	1.57903	8093.85	1.77229	8093.92	1.68127	8093.58	1.95411
1512402290990	13.86	8095	1.87083	8095.56	2.00167	8095.54	2.14536	8095.36	2.11896	8094.92	2.17447
1512402292016	13.86	8094	1.87083	8094.76	1.96384	8094.54	2.22169	8094.84	1.88591	8094.65	1.9606
1512402293042	13.85	8093.11	1.61589	8094.2	1.91485	8093.92	2.13937	8094.16	1.8412	8094.37	1.86648
1512402294051	13.85	8092.56	2.12786	8093.76	1.94251	8093.15	2.23033	8093.56	2.04287	8093.87	1.99186
1512402295103	13.86	8091.89	2.36878	8092.92	1.97737	8092.54	2.50384	8092.84	2.26716	8093.17	2.10492
1512402296126	13.87	8091.22	2.27913	8092.56	2.10317	8092.08	2.46514	8092.56	2.16179	8092.68	2.12098
1512402297152	13.87	8089.89	1.45297	8091.12	1.73973	8090.62	1.93815	8091.08	1.75404	8090.94	1.84895
1512402298170	13.87	8089.89	2.20479	8090.76	1.89912	8090.54	2.18386	8090.84	2.17332	8090.66	1.96732
1512402299184	13.87	8089.89	1.96497	8090.44	1.75784	8090.15	1.99358	8090.6	1.80278	8090.54	1.99201
1512402300221	13.87	8091.44	2.651	8091.12	2.14709	8091.62	2.18092	8091.48	2.12368	8090.89	2.27703
1512402301247	13.86	8089.56	1.5899	8090.96	2.07123	8090.38	2.10311	8091.04	2.22636	8091.53	2.11159
1512402302388	13.86	8090.44	1.87824	8091.64	1.9975	8091.31	2.13638	8091.68	2.41039	8091.63	1.97529
1512402303411	13.86	8089.11	2.02759	8090.28	1.96893	8089.85	2.19265	8090.32	2.35797	8090.64	2.24375
1512402304438	13.86	8089.22	1.92209	8089.84	2.05508	8089.77	1.92154	8090	2.3094	8089.83	2.10079
1512402305463	13.86	8089.56	1.87824	8091.04	2.28181	8090.54	2.3315	8090.88	2.20454	8090.38	2.05602
1512402306473	13.86	8089.78	2.68225	8091.2	2.23607	8090.69	2.81024	8091.24	2.35018	8090.39	2.31824
1512402307524	13.86	8088.22	2.27913	8088.92	1.84662	8088.46	2.25889	8088.96	2.09125	8089.15	2.0497
1512402308566	13.86	8087.78	1.71594	8088.36	1.72916	8088.15	1.90815	8088.4	1.93649	8088.51	2.09692
1512402309577	13.86	8089.33	1.41421	8089.56	1.55671	8089.85	1.67562	8089.88	1.96469	8089.85	1.8238
1512402310625	13.85	8089.89	1.76383	8090.76	2.04695	8090.54	1.89804	8090.64	2.2891	8090.35	2.04893
1512402311714	13.85	8089.56	1.81046	8090.4	1.91485	8090.31	2.17503	8090.44	2.31084	8090.5	2.14117
1512402312766	13.86	8089.11	1.53659	8089.36	1.91224	8089.85	1.99358	8089.72	2.15097	8089.67	2.09468
1512402313831	13.86	8088	1.73205	8088.12	1.85562	8088.62	1.93815	8088.48	2.12368	8088.25	1.93388
1512402314922	13.87	8087	1.93649	8086.76	1.94251	8087.31	1.70219	8086.92	2.11975	8087.17	2.04042
1512402315932	13.86	8085.89	2.52212	8086.2	2.16025	8086.31	2.28709	8086.08	2.30796	8086.6	2.10688
1512402317075	13.86	8085.89	2.52212	8086.2	2.12132	8086.23	2.45472	8086.16	2.2301	8087.09	2.5078
1512402318145	13.86	8087.11	1.61589	8087.64	2.15793	8087.54	1.56074	8087.48	2.10396	8087.46	1.97626
1512402319237	13.86	8085.67	2.06155	8086.4	1.87083	8086.31	2.09701	8086.28	1.96893	8086.36	2.18971
1512402320241	13.85	8086.22	1.71594	8086.96	2.13073	8087.08	2.28989	8087.08	2.23458	8087.75	2.33693
1512402321289	13.85	8088.11	1.45297	8088.72	1.64621	8088.69	1.84321	8088.72	1.64621	8089.27	2.289
1512402322314	13.84	8086.33	1.58114	8087.36	1.89033	8087	1.95789	8087.08	1.84662	8088.1	2.34513
1512402323355	13.85	8087.78	1.98606	8087.84	1.74833	8087.85	2.0755	8087.72	2.0108	8088.92	2.28295
1512402324381	13.84	8088.89	1.61589	8088.8	2.19848	8089.15	2.1543	8088.48	2.25684	8088.95	2.24476
1512402325455	13.85	8087.78	1.71594	8088.88	2.36854	8088.62	2.59931	8088.64	2.30723	8088.64	2.13152
1512402326478	13.84	8088.22	1.20185	8088.64	1.823	8088.69	1.84321	8088.48	1.82848	8088.58	2.09539
1512402327505	13.84	8087.11	1.90029	8088.04	1.90351	8088	2.34521	8087.88	1.98578	8088.66	2.34901
1512402328599	13.85	8086	1.65831	8086.96	1.90351	8086.69	2.3939	8086.84	1.92959	8087.63	2.24437
1512402329624	13.85	8086.11	2.47207	8086.88	2.10792	8086.77	2.61896	8086.92	2.17792	8086.91	2.25636
1512402330729	13.84	8087.56	2.55495	8087.88	2.18556	8087.85	2.82389	8087.76	2.47117	8087.46	2.09906
1512402331861	13.84	8088.67	2.39792	8088.64	2.05913	8088.92	2.10006	8088.64	1.86815	8088.88	2.24335
1512402332928	13.84	8089.44	2.24227	8088.68	1.95192	8089.46	1.94145	8088.8	1.93649	8088.47	2.05146
1512402333938	13.85	8088.78	1.56347	8088.64	1.65529	8089.08	1.49786	8088.44	2.08327	8088.55	2.13085
1512402334964	13.84	8088.33	1.41421	8088.36	1.70489	8088.54	1.39137	8087.92	2.1	8087.68	2.12633
1512402335989	13.84	8087.33	1.80278	8087.84	2.0347	8088	2.34521	8087.68	2.19317	8087.82	2.08668
1512402337018	13.84	8086.89	1.61589	8087.44	2.00167	8087.38	2.32875	8087.24	2.0672	8087.44	1.91154
1512402338066	13.85	8086.67	1.93649	8086.4	1.73205	8086.77	1.7867	8086.6	1.84842	8086.61	2.1697
1512402339082	13.84	8085	2.34521	8084.84	2.11503	8085.23	2.42053	8085.16	2.30362	8085.38	2.16702
1512402340233	13.84	8085.78	1.56347	8086.36	1.91224	8086.15	2.19265	8086.04	2.16949	8086.21	2.06192
1512402341256	13.84	8085.11	1.53659	8085.4	1.68325	8085.77	1.73944	8085.56	1.63503	8085.39	2.19119
1512402342371	13.84	8085.22	1.92209	8085.76	1.98494	8086.08	2.21591	8085.68	1.8421	8085.44	2.06337
1512402343409	13.84	8085.56	1.87824	8086.76	2.0672	8086.15	2.03495	8086.6	2.08167	8086.23	2.23836
1512402344548	13.84	8084.89	1.90029	8085.24	1.64012	8084.92	1.70595	8084.96	1.67033	8084.62	2.22602
1512402345578	13.84	8082.89	2.20479	8083.92	1.95619	8083.15	2.11527	8083.56	1.82757	8083.8	2.20926
1512402346651	13.85	8082.44	1.74005	8082.8	1.44338	8082.54	1.61325	8082.72	1.42945	8082.71	1.94689
1512402347728	13.86	8081.44	1.81046	8081.96	1.90351	8081.38	1.7097	8081.68	1.74929	8082.67	2.33233
1512402348753	13.84	8081.44	1.74005	8082.64	1.84572	8081.85	1.90815	8082.52	1.98158	8083.56	2.48282
1512402349842	13.84	8082.56	2.35112	8082.52	2.08407	8082.69	2.35884	8082.52	2.10396	8082.56	2.10105
1512402350850	13.84	8083.78	1.98606	8084.24	1.80924	8084.15	1.86396	8084.4	2	8084.88	2.1902
1512402351960	13.85	8084.11	1.61589	8084.88	1.76352	8084.38	1.55662	8084.6	1.87083	8084.65	1.9712
1512402352995	13.84	8084.33	1.93649	8084.6	1.5	8084.54	1.94145	8084.6	1.60728	8084.76	1.9332
1512402354071	13.84	8084.56	1.66667	8084.96	1.51327	8084.92	1.70595	8085	1.52753	8085.12	1.8778
1512402355204	13.84	8084.44	1.424	8085.36	1.38082	8084.77	1.30089	8085.24	1.3626	8085.44	2.07611
1512402356291	13.85	8084.44	1.01379	8084.92	1.6052	8084.62	1.1209	8084.56	1.35647	8085	2
1512402357317	13.84	8083.22	1.39443	8083.68	1.40594	8083.38	1.38675	8083.48	1.32665	8083.64	1.96364
1512402358342	13.84	8082.78	1.30171	8083.24	1.50776	8083	1.63299	8083.24	1.5885	8084	1.77071
1512402359368	13.85	8084.11	1.96497	8083.96	1.51327	8083.92	1.84669	8083.92	1.49778	8084.03	1.83969
1512402360394	13.85	8084.33	1.22474	8084.36	1.22066	8084.54	1.33012	8084.4	1.35401	8083.85	1.90209
1512402361398	13.85	8082.44	1.33333	8082.6	1.41421	8082.69	1.37747	8082.64	1.52425	8083.26	2.25583
1512402362456	13.85	8084	1.11803	8084.72	1.72047	8084.15	1.51911	8084.84	1.92959	8084.25	2.12936
1512402363470	13.85	8083	0.866025	8083.96	1.20692	8083.23	1.16575	8083.96	1.59374	8083.73	2.06406
1512402364480	13.85	8083.33	1.5	8083.76	1.42244	8083.62	1.44559	8083.56	1.44568	8084.35	1.96816
1512402365486	13.85	8082.67	1.41421	8083.6	1.47196	8083.23	1.58923	8083.84	1.67531	8083.56	2.13059
1512402366502	13.85	8084.56	1.81046	8084.88	1.71561	8084.85	1.67562	8084.76	1.76257	8084.41	2.08522
1512402367573	13.86	8083.44	1.66667	8085	2.36291	8084.31	2.32324	8084.84	2.2487	8084.45	2.05862
1512402368590	13.86	8083.22	1.39443	8084.8	2.38048	8084.15	2.26738	8084.6	2.25462	8084.72	2.03983
1512402369632	13.85	8083.22	1.39443	8084.8	2.38048	8084.15	2.26738	8084.6	2.25462	8084.72	2.03983
1512402374269	13.66	8128.44	1.424	8128.04	2.13073	8128.85	1.72463	8128.4	1.93649	8127.81	2.19363
1512402375281	13.73	8119.11	2.71314	8119.4	2.12132	8119.31	2.49615	8119.48	2.32952	8119.64	2.034
1512402376317	13.74	8116.44	2.00693	8116.24	1.98494	8116.54	1.98391	8116.16	1.99332	8116.23	2.00846
1512402377368	13.75	8114.89	2.52212	8115.88	2.63502	8115.62	3.12353	8115.84	2.5606	8115.54	2.09906
1512402378391	13.77	8116.67	2	8116.4	2.32737	8116.62	2.18092	8116.36	2.41316	8116.17	1.85876
1512402379505	13.79	8119.56	3.43188	8118.48	2.88848	8119.38	3.47703	8118.56	2.8589	8118.59	2.36584
1512402380533	13.79	8123.78	1.7873	8122.84	2.2487	8123.54	2.40192	8122.96	2.26348	8122.68	2.12343
1512402381535	13.81	8122.56	2.06828	8122.6	1.91485	8122.54	2.40192	8122.64	2.01825	8123.55	2.36487
1512402382561	13.85	8126.22	2.43812	8125.76	2.0672	8126.23	2.38586	8125.48	2.21961	8125.31	1.91888
1512402383665	13.87	8126.89	2.848	8126.84	1.90788	8127	2.48328	8126.52	2.10396	8125.7	1.92051
1512402384748	13.88	8126.89	2.31541	8126.48	2.14321	8126.77	2.38586	8126.36	2.19621	8126.56	1.95715
1512402385789	13.89	8126.89	1.45297	8126.76	2.29637	8126.85	2.19265	8126.36	2.2151	8126.42	2.11783
1512402386978	13.89	8127	2	8127	2.58199	8126.92	2.326	8126.48	2.45153	8126.69	2.10078
1512402388055	13.9	8129.44	2.4037	8128.56	2.16179	8129.38	2.2188	8128.36	2.25241	8127.9	2.02218
1512402389101	13.9	8131.78	1.64148	8130.64	1.95533	8131.46	1.94145	8130.8	2.06155	8130.19	2.01722
1512402390210	13.91	8130.33	1.73205	8129.96	1.96808	8130.23	1.96443	8129.88	1.9	8129.68	1.87928
1512402391220	13.92	8129.44	1.74005	8129.16	2.2301	8129.38	2.39925	8129.04	2.37136	8129.23	1.73882
1512402392272	13.92	8127.56	2.35112	8127.4	2.46644	8127.69	2.56205	8127.6	2.53311	8127.87	1.79664
1512402393412	13.95	8127.33	2	8127.4	2.3094	8127.54	1.98391	8127.16	2.2301	8127.28	1.71896
1512402394538	13.95	8126.67	1.93649	8126.96	2.16949	8126.77	1.87767	8126.6	1.97906	8126.58	1.83309
1512402395613	13.93	8126.44	2.18581	8126.2	2.29129	8126.46	2.14536	8125.88	2.3331	8125.87	1.93617
1512402396706	13.96	8125.89	2.848	8125.32	2.6727	8125.85	2.60916	8125.36	2.81188	8125.46	1.82283
1512402397741	13.96	8124.56	2.00693	8124.36	2.30723	8124.62	2.18092	8124.08	2.25315	8124.35	1.88475
1512402398868	13.96	8122.44	2.18581	8122.84	2.33952	8122.92	2.4311	8122.4	2.16025	8122.92	2.00499
1512402399888	13.97	8122.11	1.69148	8122.68	2.34023	8122.69	2.3939	8122.32	2.23084	8122.5	2.10437
1512402400970	13.96	8121.67	2.44949	8122.16	2.4097	8122.15	2.57702	8121.8	2.23607	8122.13	2.09972
1512402401995	13.97	8121.89	2.26078	8121.76	2.27816	8122.08	2.36155	8121.52	2.08407	8121.72	1.90243
1512402403090	13.97	8120.67	1.58114	8120.96	1.94679	8120.92	2.13937	8120.68	1.8868	8120.68	1.93073
1512402404101	13.96	8120	1.93649	8120	1.95789	8120.31	2.13638	8119.88	1.9218	8119.51	2.02358
1512402405126	13.96	8119.78	2.53859	8119.76	2.02649	8119.85	2.40992	8119.52	2.08407	8120.05	2.24836
1512402406233	13.95	8120	1.41421	8119.28	1.81475	8119.62	1.98068	8119.24	1.80924	8119.12	1.83181
1512402407313	13.96	8117.22	2.22361	8117.44	1.87261	8117.31	2.21302	8117.12	1.94336	8116.76	1.81652
1512402408338	13.96	8115.67	2.54951	8115.48	1.96044	8115.38	2.39925	8115.12	2.04776	8115.4	1.83184
1512402409393	13.96	8114.67	2.59808	8114.68	1.95192	8114.62	2.32875	8114.24	2.02649	8114.69	1.82712
1512402410410	13.96	8114.67	1.80278	8114.84	1.772	8114.85	1.81871	8114.52	1.68622	8114.82	1.63084
1512402411515	13.96	8115.67	1.93649	8115.48	1.91746	8115.77	2.08782	8115.24	1.89912	8114.74	1.99677
1512402412533	13.95	8114.56	1.74005	8114.64	2.07926	8114.69	2.49615	8114.48	2.08407	8113.77	1.91209
1512402413581	13.93	8113.33	1.93649	8113	2.06155	8113.15	1.95133	8112.56	2.2	8112.73	2.09661
1512402414628	13.95	8112.44	2.29734	8112.6	2.23607	8112.77	2.42053	8112.4	2.3094	8112.29	1.99707
1512402415632	13.95	8112.11	1.90029	8112.2	1.82574	8112.08	1.97744	8111.64	1.97653	8112.08	1.90372
1512402416666	13.93	8109.11	1.90029	8109.72	1.88237	8109.46	2.02548	8109.16	1.8412	8109.63	1.79246
1512402417667	13.92	8111.56	3.2059	8111.68	2.65707	8111.46	3.17845	8111.16	2.83843	8110.1	2.08058
1512402418704	13.92	8109.33	1.80278	8109.72	2.09205	8109.92	2.39658	8109.56	2.18098	8109.41	2.02929
1512402419737	13.93	8108.56	2.74368	8108.84	2.33952	8108.92	2.78273	8108.52	2.38258	8109.3	2.36969
1512402420844	13.93	8108.33	2.39792	8108.92	2.05994	8108.62	2.56705	8108.68	2.11581	8109.06	2.2365
1512402421902	13.93	8107.11	1.90029	8107.56	1.75784	8107.23	2.0064	8107.24	1.87705	8107.94	1.90839
1512402422924	13.93	8107	1.93649	8107.16	2.01412	8107.31	2.28709	8107	1.97906	8107.2	2.00146
1512402423927	13.93	8109.22	3.15348	8108	2.87228	8108.69	3.11942	8108.08	2.95691	8107.3	2.15852
1512402424977	13.92	8104.11	2.26078	8104.24	1.94251	8104.31	2.3939	8104.08	1.91311	8104.66	2.03243
1512402425982	13.92	8104.44	1.5899	8104.8	1.87083	8104.69	1.97419	8104.56	1.68523	8105.11	2.50074
1512402427006	13.93	8104	1.5	8104.36	1.75309	8104.23	1.7867	8104.16	1.74833	8103.88	2.02975
1512402428044	13.93	8103.67	1.65831	8103.6	1.82574	8103.77	1.83275	8103.36	1.8	8103.39	2.09893
1512402429182	13.92	8102.22	1.71594	8102.8	2.51661	8102.31	2.09701	8102.36	2.09921	8103.11	1.99673
1512402430259	13.93	8102.33	1.87083	8102	1.91485	8102.38	1.93815	8102.04	1.94679	8101.79	1.81675
1512402431286	13.92	8101.11	2.26078	8101.16	2.19241	8101.23	2.20431	8101.04	2.15019	8101.59	1.86339
1512402432361	13.93	8099.89	1.96497	8100.44	2.16179	8100.38	1.89466	8100	1.89297	8101.08	2.20302
1512402433449	13.91	8101.11	2.52212	8101.04	2.13073	8101.23	2.12736	8100.88	2.10792	8100.81	2.2071
1512402434461	13.91	8100.22	2.10819	8100.64	1.89033	8100.54	1.98391	8100.76	1.83212	8100.9	2.01805
1512402435466	13.9	8099.33	2.59808	8100.32	2.01494	8099.69	2.28709	8100.04	1.96808	8100.74	2.06035
1512402436577	13.91	8102.33	1.73205	8102	1.84842	8102.31	1.97419	8101.96	1.88149	8101.44	1.93035
1512402437678	13.9	8101.11	1.69148	8101.08	1.73013	8101.46	1.8081	8101.24	1.87705	8101.07	1.85703
1512402438736	13.91	8100.78	1.30171	8100.84	2.2301	8100.85	1.67562	8100.88	2.27889	8101.09	1.9169
1512402439794	13.9	8100.44	1.13039	8100.96	1.85921	8100.46	2.06621	8100.88	1.98578	8100.88	2.10532
1512402440819	13.9	8099.67	2	8100.2	2.34521	8100	2.3094	8100.12	2.22336	8100.29	2.11364
1512402441865	13.89	8099.56	1.94365	8099.8	2.06155	8099.92	2.28989	8099.64	1.95533	8099.84	1.91939
1512402442904	13.9	8100.11	2.36878	8100.52	2.16256	8100.69	2.56205	8100.36	2.13854	8100.38	2.56542
1512402443985	13.89	8100.33	2.23607	8100.44	2.14243	8100.54	2.36697	8100.44	2.10317	8099.83	2.08753
1512402445040	13.9	8099.11	2.52212	8099.4	2.78388	8099.08	2.53185	8098.92	2.81247	8099.45	2.2124
1512402446088	13.91	8098.33	2.91548	8098.68	3.27516	8098.69	3.521	8098.44	3.29242	8098.37	2.52785
1512402447192	13.89	8098.78	2.63523	8098.56	2.51794	8099.15	2.67227	8098.52	2.5186	8098.37	2.26256
1512402448331	13.88	8097.89	2.31541	8097.84	2.15407	8098.08	2.46514	8097.68	2.03552	8098.34	2.12023
1512402449344	13.89	8096.22	2.27913	8096.64	2.27083	8096.62	2.56705	8096.44	2.21886	8097.24	2.00722
1512402450390	13.88	8097.89	2.31541	8098.04	2.22636	8098.38	2.56705	8098.16	2.17332	8097.72	2.03527
1512402451392	13.89	8096.22	2.53859	8096.68	2.5285	8096.62	2.84425	8096.44	2.51794	8096.48	1.89047
1512402452483	13.88	8094.89	2.71314	8095.84	2.46103	8095.62	2.98715	8095.68	2.47857	8097.06	2.30856
1512402453488	13.88	8096.11	1.53659	8096.04	1.98914	8096.23	2.0064	8095.96	1.96808	8096.37	1.89418
1512402454494	13.87	8095.11	2.02759	8095.6	2.27303	8095.62	2.78503	8095.48	2.2383	8095.76	1.96791
1512402455609	13.87	8095	3.39116	8095.92	2.97097	8095.38	3.42876	8095.6	2.87228	8095.6	2.20591
1512402456650	13.87	8095	2.54951	8095.64	2.43036	8095.54	2.96129	8095.56	2.36432	8096.28	2.15702
1512402457676	13.87	8096.22	3.15348	8096.44	2.5671	8096.46	3.15213	8096.36	2.54755	8096.15	2.03951
1512402458716	13.87	8093.78	2.58736	8094.56	2.53443	8094	2.82843	8094.12	2.3331	8094.52	2.02863
1512402459745	13.88	8096.11	1.36423	8095.8	1.91485	8096.08	1.84669	8096.2	2.06155	8095.5	2.22702
1512402460851	13.87	8094.89	1.2693	8095	1.75594	8094.92	1.801	8095.08	1.80093	8094.5	2.07947
1512402461877	13.87	8097	1	8097.44	1.66032	8097.54	1.5064	8097.36	1.68028	8097.06	2.1204

1512402462914	13.87	8096.22	1.71594	8096.84	2.44404	8096.62	2.18092	8096.56	2.32881	8096.66	2.13774
1512402464525	13.98	8133.44	2.45515	8132.6	2.3094	8132.92	2.326	8132.44	2.06317	8131.95	2.23779
1512402465586	13.99	8129	2.12132	8127.88	1.85562	8128.54	2.06621	8127.76	1.87705	8127.39	1.9258
1512402466612	13.98	8130.11	1.53659	8130.04	1.96808	8129.77	1.73944	8129.68	1.74929	8129.72	2.03983
1512402467705	13.98	8137.78	1.92209	8137.8	2.67706	8137.85	1.90815	8137.4	2.51661	8138.39	2.71939
1512402468765	13.98	8144.33	2.17945	8143.8	1.93649	8144.31	1.79743	8143.68	1.8868	8142.77	2.22733
1512402469768	13.98	8147.22	1.85592	8147.12	1.73973	8147.08	1.801	8146.96	1.74356	8146.94	2.37308
1512402470880	13.98	8154.56	1.23603	8154.24	1.61452	8153.85	1.62512	8153.96	1.90351	8153.91	2.00562
1512402471918	13.99	8157.11	1.45297	8156.8	1.97906	8156.77	1.64083	8156.76	1.78606	8157.64	2.24143
1512402473013	13.99	8161.22	1.56347	8161.8	2	8161.15	1.67562	8161.32	2.17409	8161.04	2.00097
1512402474097	14	8162.44	1.13039	8162.72	2.20832	8162.38	1.38675	8162.56	1.93821	8163.11	1.82676
1512402475144	14	8164.33	2.06155	8164.24	1.89912	8164.31	2.09701	8164.28	1.83757	8164.15	1.97727
1512402476155	14.01	8167.11	1.69148	8167.32	1.99416	8167	1.82574	8166.96	1.88149	8166.41	2.08272
1512402477175	14.01	8168.67	2.23607	8168.48	2.20076	8168.23	2.04751	8168.28	2.07204	8168.27	1.85964
1512402478189	14.02	8169.56	2.00693	8169.12	1.76352	8169.23	1.96443	8168.92	1.80093	8169.04	1.89124
1512402479230	14.02	8171.89	1.45297	8171.28	1.59478	8171.62	1.66024	8171.24	1.64012	8170.92	1.83972
1512402480271	14.02	8172.89	2.20479	8172.16	1.95107	8172.38	2.10311	8171.88	2.00666	8171.33	1.83822
1512402481380	14.03	8173.33	1.22474	8172.6	1.93649	8172.92	1.75412	8172.48	2.21961	8171.82	1.93919
1512402482436	14.03	8172.44	1.424	8172.24	2.14631	8172.23	2.08782	8172.08	2.13931	8171.32	2.09424
1512402483546	14.04	8171.78	1.71594	8171.6	2.16025	8171.54	1.94145	8171.44	2.16179	8171.42	1.98825
1512402484571	14.04	8171.67	1	8171.32	1.37598	8171.62	1.26085	8171.36	1.38082	8171.46	1.98677
1512402485586	14.03	8171.44	1.23603	8171.52	1.78232	8171.46	1.45002	8171.48	1.68622	8171.51	2.20347
1512402486623	14.03	8171.44	1.66667	8171.24	1.83212	8171.31	1.75046	8171.44	2.02237	8171.28	2.18051
1512402487697	14.04	8171.33	2.12132	8170.08	2.13931	8170.62	2.36426	8170.36	2.27083	8169.91	1.89778
1512402488722	14.04	8168.89	2.08833	8168.44	2.12289	8168.38	2.39925	8168.56	2.08327	8168.42	2.0906
1512402489749	14.04	8168.67	1.93649	8168.4	1.91485	8168.31	2.25036	8168.24	1.96384	8167.79	1.86485
1512402490839	14.03	8167.33	2.23607	8167.24	1.94251	8167	2.16025	8167.24	1.94251	8166.83	1.73709
1512402491865	14.03	8167.89	2.02759	8167.8	2.23607	8167.15	2.26738	8167.48	2.25684	8167.32	2.00011
1512402492890	14.01	8168.33	2.64575	8167.92	2.1	8167.92	2.4311	8167.84	2.0347	8167.67	1.98751
1512402493916	14.01	8168.11	1.96497	8167.6	1.75594	8167.69	1.79743	8167.64	1.55134	8167.55	1.68291
1512402494942	14.01	8166	2.29129	8165.56	1.98074	8165.54	2.10616	8165.6	1.82574	8166.33	2.0114
1512402495975	14.01	8167.56	2.45515	8166.8	2.12132	8167.15	2.1543	8167	1.84842	8166.66	1.98094
1512402497102	14.01	8167	2.12132	8166.6	2.27303	8166.69	2.32324	8166.52	2.25684	8166.16	1.99131
1512402498115	14.01	8166.44	1.81046	8165.96	1.98914	8166.15	2.1543	8165.92	2.19697	8166.18	2.13113
1512402499201	14.01	8166.44	1.81046	8165.96	1.98914	8166.15	2.1543	8165.92	2.19697	8166.18	2.13113
1512402500336	14	8166.44	1.81046	8165.96	1.98914	8166.15	2.1543	8165.92	2.19697	8166.18	2.13113
1512402503861	13.79	8112.22	3.19287	8111.4	2.51661	8111.77	2.91987	8111.64	2.82666	8111.66	2.51155
1512402504945	13.86	8103.89	2.02759	8104.2	1.77951	8104	1.87083	8103.92	1.97737	8103.23	1.99996
1512402505984	13.88	8101.33	1	8101.32	1.4922	8101.23	1.58923	8101.2	1.70783	8100.9	1.76353
1512402507017	13.89	8099.22	1.56347	8099.48	1.55778	8099.08	1.60528	8099.24	1.61452	8098.85	1.76473
1512402508162	13.9	8102.11	1.05409	8101.72	1.24231	8101.77	1.36344	8101.64	1.35031	8101.35	1.75006
1512402509278	13.91	8102.56	1.81046	8102.08	1.6563	8101.85	1.95133	8101.68	1.90875	8101.98	1.7259
1512402510296	13.93	8104.22	2.22361	8104.64	1.68028	8104.15	1.86396	8104.36	1.93391	8104.51	1.81464
1512402511389	13.95	8107	1.5	8107.84	1.74833	8107.38	1.89466	8107.6	1.87083	8107.43	1.71286
1512402512463	13.97	8108.33	2.44949	8108.44	1.87261	8108.15	2.19265	8108	2.17945	8107.77	1.75373
1512402513503	13.98	8108.67	1.80278	8108.4	1.63299	8108.23	1.7867	8108.16	1.86369	8108.44	1.7161
1512402514587	14	8109.56	2.50555	8110.08	1.95619	8109.62	2.25605	8109.76	2.53772	8108.87	2.00065
1512402515675	14	8107.67	2	8108.56	1.75784	8107.77	1.73944	8108.16	1.99332	8108.16	1.7619
1512402516705	14	8109.11	1.61589	8109.44	1.63503	8109.08	1.97744	8109.76	1.92094	8109.98	1.82139
1512402517750	14.01	8108.33	2.06155	8109.12	1.9	8108.38	1.93815	8109.08	2.01908	8109.37	1.65655
1512402518791	14.02	8108.44	1.87824	8109.28	2.05183	8108.46	1.85362	8109.04	2.05102	8109.25	1.97651
1512402519870	14.02	8107.22	1.85592	8107.96	1.88149	8107.15	1.67562	8107.64	1.75309	8107.99	1.83425
1512402520894	14.02	8107.22	1.7873	8107.2	1.97906	8106.92	2.01914	8107.32	1.90875	8106.91	1.91529
1512402521921	14.03	8106.44	1.5899	8106.52	1.47535	8106.15	1.51911	8106.52	1.63605	8106.69	1.88103
1512402522962	14.03	8107.11	1.45297	8106.72	1.2083	8106.69	1.4367	8106.64	1.41067	8106.62	1.67921
