Timetstamp	FPA	C9	Sigma	C25	Sigma	D13	Sigma	D25	Sigma	R8	Sigma
1512477082753	25.52	7782.33	1.11803	7782	1.73205	7782.46	1.45002	7782.28	2.26421	7782.64	2.11681
1512477083882	25.59	7860	1.80278	7858.96	1.7195	7859.85	1.51911	7859.2	1.73205	7858.32	2.25241
1512477084906	25.58	7856.67	1.32288	7856.24	1.39284	7856.38	1.26085	7856.2	1.32288	7856.92	1.93896
1512477085912	25.57	7862	1.32288	7861.88	1.50886	7861.85	1.28103	7862	1.47196	7862.28	1.92208
1512477086923	25.57	7868	1	7868.48	1.44684	7868.23	1.36344	7868.48	1.55778	7868.17	2.03787
1512477087964	25.57	7874	1.22474	7873.52	1.63605	7873.54	1.71345	7873.36	1.93391	7873.32	1.85366
1512477088993	25.57	7882.78	2.90593	7882.04	2.4235	7882.46	2.56955	7882.44	2.88791	7882.58	2.17366
1512477089997	25.58	7882.56	1.33333	7882.48	1.38804	7882.62	1.1209	7882.56	1.47422	7883.25	1.82012
1512477091013	25.58	7887	1.11803	7886.76	1.23423	7886.92	0.954074	7886.6	1.1547	7886.43	1.65408
1512477092136	25.61	7888.67	1.58114	7888	1.68325	7888.62	1.3253	7887.96	1.45717	7888.3	1.71417
1512477093291	25.61	7893.11	2.20479	7892.32	1.93046	7892.85	2.03495	7892.64	2.05913	7892.19	2.03601
1512477094330	25.62	7891.78	1.39443	7892.08	1.68127	7891.77	1.36344	7891.92	1.25565	7892.84	1.69763
1512477095374	25.64	7893	1.41421	7893	1.60728	7893	1.41421	7892.92	1.46969	7894.03	1.90513
1512477096381	25.63	7894.56	1.33333	7894.64	1.55134	7894.54	1.61325	7894.36	1.60416	7894.3	1.55217
1512477097514	25.63	7894.56	1.33333	7894.92	1.49778	7894.54	1.39137	7894.56	1.26095	7895.09	1.84606
1512477098546	25.64	7898.44	1.23603	7898.76	1.73877	7898.62	1.1209	7898.64	1.70489	7898.96	1.77316
1512477099621	25.64	7899.78	1.09291	7900.08	1.11505	7899.92	1.11516	7900	1.08012	7899.89	1.57902
1512477100687	25.63	7899.67	1.41421	7899.8	1.68325	7899.62	1.50214	7899.52	1.5843	7900.17	1.9058
1512477101729	25.65	7899.44	1.23603	7899.32	1.67631	7899.08	1.44115	7899.32	1.57374	7899.86	1.92736
1512477102735	25.65	7898.11	1.2693	7898.04	1.74356	7897.92	1.44115	7898.16	1.8412	7898.51	2.15329
1512477103760	25.65	7898.89	1.36423	7898.4	2.06155	7898.77	1.69085	7898.32	2.17409	7898.03	2.00496
1512477104786	25.65	7897.44	1.424	7897.84	1.67531	7897.69	1.75046	7897.56	1.70978	7897.79	1.78201
1512477105821	25.65	7895.78	1.64148	7896.44	1.55671	7896	1.63299	7896.28	1.51438	7896.82	1.76578
1512477106844	25.65	7896.56	0.881917	7896.68	1.46401	7896.54	1.1266	7896.64	1.49666	7897.03	1.86367
1512477107991	25.66	7895.78	1.09291	7895.76	1.26754	7895.77	1.01274	7895.64	1.22066	7895.64	1.88239
1512477109002	25.65	7894.89	1.53659	7895.16	1.7	7895.08	1.60528	7894.84	1.67531	7894.93	1.99868
1512477110137	25.65	7894.22	2.22361	7894.24	2.0672	7894	1.87083	7893.68	2.24944	7893.86	2.03258
1512477111177	25.65	7895.56	1.5899	7895.68	1.67631	7895.38	1.60927	7895.12	1.45258	7895.68	2.06372
1512477112209	25.65	7895.44	2.00693	7895.68	1.70098	7895.31	1.84321	7895.28	1.74452	7895.22	2.06516
1512477113284	25.65	7893.67	1.87083	7894.12	1.71561	7893.69	1.70219	7893.8	1.60728	7894.16	1.90397
1512477114359	25.65	7892.67	1.58114	7893.16	1.65025	7892.85	1.62512	7892.96	1.54056	7893.18	1.73002
1512477115398	25.64	7891.44	1.66667	7891.56	1.55671	7891.38	1.50214	7891.52	1.71075	7891.8	1.75671
1512477116438	25.65	7891.56	0.726483	7891.52	1.35769	7891.38	0.767948	7891.36	1.18603	7891.64	1.86611
1512477117451	25.65	7890.78	1.20185	7890.36	1.49666	7890.46	1.39137	7890.36	1.43991	7890.53	1.90407
1512477118489	25.65	7890.33	1.87083	7889.8	1.68325	7890	1.77951	7889.4	1.75594	7889.17	1.94547
1512477119508	25.64	7889.67	1.87083	7889.4	1.60728	7889.54	1.71345	7889.24	1.64012	7889.34	1.83017
1512477120541	25.64	7886.22	1.09291	7887.12	1.53623	7886.31	1.1094	7886.8	1.29099	7887.83	1.88104
1512477121552	25.64	7886.33	0.707107	7886.52	1.93907	7886.38	1.19293	7886.32	1.40594	7887.02	1.7259
1512477122637	25.63	7886.56	1.01379	7886.92	1.6052	7886.62	0.960769	7886.72	1.13725	7887.37	1.92689
1512477123702	25.63	7886.56	1.01379	7886.92	1.6052	7886.62	0.960769	7886.72	1.13725	7887.37	1.92689
1512477124797	25.64	7886.56	1.01379	7886.92	1.6052	7886.62	0.960769	7886.72	1.13725	7887.37	1.92689
1512477128757	25.44	7843.89	1.90029	7843.96	2.15019	7844.23	1.87767	7844.24	2.29637	7844.43	2.14974
1512477130024	25.5	7833.11	1.05409	7833.12	1.45258	7833.15	1.14354	7833.32	1.57374	7833.38	2.17872
1512477131091	25.52	7829.56	1.50923	7829.64	1.55134	7829.69	1.4367	7829.76	1.56205	7828.83	1.96235
1512477132204	25.53	7828.67	2.17945	7828.48	2.08407	7828.38	1.89466	7828.52	2.12368	7828.35	2.15511
1512477133284	25.55	7829.89	1.2693	7830.48	1.78232	7830.08	1.38212	7830	2.04124	7830.19	1.89559
1512477134429	25.56	7832.56	2.29734	7832.48	2.10396	7832.62	2.06311	7832.44	2.08327	7832.6	2.12657
1512477135449	25.58	7832.56	2.69774	7832.88	2.16641	7832.69	2.32324	7832.76	2.29637	7834.12	2.3299
1512477136561	25.59	7832.56	2.78887	7832.68	1.97315	7832.38	2.39925	7832.52	2.16256	7833.84	2.11889
1512477137589	25.61	7836.33	1.58114	7836.2	1.84842	7836.31	1.60128	7836.08	1.91311	7837.11	2.66215
1512477138601	25.62	7837.56	1.5899	7837.08	1.84662	7837.69	1.84321	7836.92	1.84662	7836.82	1.95876
1512477139702	25.63	7837	2	7836.52	1.8735	7837	1.91485	7836.4	2.14087	7836.85	2.09655
1512477140727	25.64	7835.56	1.74005	7835.64	1.823	7835.54	1.5064	7835.52	2.0232	7836.24	2.13726
1512477141740	25.64	7835.67	1.65831	7836.08	1.41185	7835.85	1.46322	7835.84	1.59896	7836.46	1.91196
1512477142845	25.64	7836	1.58114	7835.92	1.75404	7835.69	1.6525	7835.84	1.90788	7836.27	1.85748
1512477143916	25.64	7835.22	1.85592	7835.68	1.62583	7835.31	1.6525	7835.52	1.98158	7836.46	1.88187
1512477144926	25.65	7836.56	1.5899	7836.44	1.82757	7836.31	1.4367	7836.28	2.09205	7836.76	2.19321
1512477145951	25.65	7835.89	1.16667	7835.2	1.91485	7835.38	1.66024	7835.28	1.69607	7835.66	2.068
1512477147061	25.65	7834.44	1.01379	7834.16	1.54596	7834.15	1.3445	7834.28	1.45831	7834.45	1.91728
1512477148101	25.66	7834	1.5	7833.76	1.71464	7833.69	1.60128	7833.64	1.75309	7833.83	1.94368
1512477149122	25.66	7832.44	0.881917	7832.36	1.55134	7832.46	1.19829	7832.28	1.64621	7831.94	2.02234
1512477150148	25.66	7833	0.866025	7833.2	1.73205	7833.08	1.03775	7833.04	1.79072	7832.48	2.05921
1512477151213	25.65	7830.22	2.63523	7830.64	2.11896	7830.31	2.25036	7830.52	2.14321	7831.02	2.00124
1512477152236	25.66	7832.44	2.83333	7831.96	1.98914	7832.38	2.39925	7831.92	2.05994	7831.38	1.80224
1512477153329	25.65	7829.78	2.10819	7829.96	1.90351	7829.85	1.90815	7829.96	1.90351	7830.06	1.92199
1512477154401	25.65	7830.67	2.12132	7830.6	1.89297	7830.31	2.09701	7830.44	2.06317	7830.23	1.88742
1512477155479	25.66	7828.78	1.7873	7829.04	2.0306	7828.46	1.8081	7828.76	2.27816	7829.43	2.17144
1512477156516	25.65	7829.22	1.48137	7828.44	1.60935	7828.54	1.71345	7828.28	1.88237	7828.57	2.11309
1512477157530	25.65	7828.22	1.85592	7828.48	1.85113	7828.08	1.84669	7828.24	2.0672	7828.47	2.29586
1512477158593	25.65	7828.44	1.5899	7828.48	1.63605	7828.62	1.7097	7828.4	1.73205	7828.56	1.95448
1512477159688	25.64	7826.44	1.33333	7826.32	1.77294	7826.46	1.45002	7826.44	1.47422	7826.46	1.81136
1512477160715	25.65	7825.11	1.36423	7825.2	1.41421	7825	1.22474	7825.2	1.5	7825.49	1.98984
1512477161747	25.65	7822.67	2.17945	7823.2	1.89297	7822.92	1.93484	7823.28	2.0108	7824.04	2.15632
1512477162798	25.65	7823.22	1.98606	7823.08	1.70587	7823.23	1.87767	7823.04	1.7195	7823.08	2.03592
1512477163814	25.64	7821.78	1.85592	7822.36	1.57797	7821.92	1.84669	7822.08	1.86905	7822.47	2.03361
1512477164851	25.65	7818.67	1.87083	7819.72	1.94765	7819.15	1.95133	7819.48	1.96044	7819.94	2.13646
1512477165880	25.65	7818.89	1.53659	7819.48	1.75879	7819.15	1.57301	7819.28	1.81475	7819.74	2.03808
1512477166900	25.64	7818.78	1.39443	7819.44	1.58325	7819.08	1.70595	7819.28	1.59478	7819.49	2.19874
1512477167926	25.64	7817	1.41421	7817.4	1.73205	7817.08	1.5525	7817.24	1.71464	7818.03	2.02185
1512477169059	25.63	7815.33	1.73205	7816.32	1.95192	7815.62	1.55662	7816.08	2.21585	7817.08	2.30244
1512477170113	25.64	7815	1.58114	7815.68	1.67631	7815.08	1.32045	7815.44	1.80462	7816.29	2.10623
1512477171300	25.63	7817.44	1.33333	7817.32	1.6	7817.46	1.26592	7817.24	1.76257	7817.13	2.17526
1512477172371	25.63	7815.44	1.50923	7815.44	1.66032	7815.46	1.39137	7815.4	1.82574	7815.8	2.0419
1512477173485	25.64	7814.56	1.66667	7815.04	1.74356	7814.92	1.5525	7814.96	1.61967	7815.01	2.04122
1512477174527	25.62	7813	1.22474	7813.16	1.40475	7813.08	1.03775	7813.12	1.45258	7813.38	2.06078
1512477175596	25.64	7813.67	2.06155	7813.6	1.91485	7813.62	1.93815	7813.72	1.98997	7813.76	2.21448
1512477176679	25.63	7812	1.41421	7811.84	1.772	7812	1.47196	7811.92	1.77764	7811.56	2.01759
1512477177728	25.61	7811.78	1.48137	7811.6	1.91485	7811.62	2.02231	7811.48	1.98158	7811.38	1.92249
1512477178772	25.61	7813.33	0.866025	7813	1.11803	7813.23	1.01274	7812.96	1.24097	7812.17	1.941
1512477179800	25.62	7811.89	1.05409	7811.88	1.45258	7811.77	1.23517	7811.8	1.63299	7811.28	1.83271
1512477180805	25.62	7809.11	0.927961	7809.32	1.86458	7808.77	1.5359	7809.04	1.88149	7809.47	2.00272
1512477181829	25.59	7809	1.11803	7808.52	1.71075	7809.15	1.40512	7808.72	1.69607	7808.24	2.04067
1512477182847	25.61	7808	1.11803	7808	1.60728	7808.15	1.28103	7808	1.55456	7807.86	2.04789
1512477183888	25.61	7807.33	2.17945	7807.04	1.7195	7807.23	1.92154	7807.2	1.82574	7807.31	2.19251
1512477184899	25.59	7805.67	1.5	7805.64	1.55134	7805.77	1.36344	7805.8	1.77951	7805.49	2.06687
1512477186028	25.59	7805.22	1.64148	7805.72	1.30767	7805.62	1.50214	7805.52	1.44684	7805.01	2.03611
1512477187038	25.59	7805.44	2.29734	7805.32	1.74929	7805.38	1.89466	7805.12	1.69115	7804.6	2.00322
1512477188104	25.58	7805.11	1.83333	7805.4	1.52753	7805.23	1.58923	7805.12	1.78699	7804.99	1.87636
1512477189122	25.58	7804.67	1.73205	7805	1.60728	7805	1.58114	7804.64	1.75309	7805.24	2.00462
1512477190169	25.58	7804.89	1.76383	7805.28	1.51438	7805.23	1.7867	7805.24	1.53514	7805.56	1.89495
1512477191274	25.58	7803.67	1.93649	7804.08	1.46969	7803.77	1.58923	7803.84	1.59896	7803.92	2.06997
1512477192301	25.58	7802.67	1.80278	7803.12	1.53623	7802.85	1.57301	7803.08	1.6052	7804.26	2.101
1512477193330	25.57	7803.33	1.87083	7803.28	1.6207	7803.31	1.60128	7803.44	1.89473	7803.68	2.10169
1512477194402	25.56	7804.22	2.10819	7804.8	1.97906	7804.62	2.02231	7804.72	2.35443	7804.72	2.23295
1512477195495	25.55	7803.22	1.20185	7804.4	1.75594	7803.54	1.39137	7803.92	2.13931	7804.83	2.46717
1512477196525	25.55	7803.44	1.66667	7804	2	7803.92	2.06	7803.8	2.04124	7804.56	2.00447
1512477197652	25.56	7805.56	1.94365	7805.12	1.83303	7805.62	1.93815	7804.96	1.92527	7805.6	2.18479
1512477198697	25.55	7802.89	1.76383	7803.36	1.57797	7803.31	1.88788	7803.12	1.98578	7803.41	2.10015
1512477199760	25.56	7803.11	1.36423	7803	1.44338	7803.08	1.32045	7803.04	1.51327	7803.13	2.1982
1512477200918	25.55	7803.44	1.5899	7802.76	1.71464	7803.08	1.5525	7802.88	1.61555	7802.84	2.2353
1512477201992	25.56	7801.89	1.69148	7802	1.73205	7801.69	1.70219	7801.84	1.79536	7802.68	2.25703
1512477203013	25.55	7801	1.80278	7800.84	1.86369	7800.69	1.88788	7800.92	1.86905	7802.11	2.2097
1512477204043	25.55	7801	1.65831	7801.68	1.65126	7800.85	1.51911	7801.52	1.91746	7802.35	2.29361
1512477205065	25.55	7800.33	2.12132	7801.08	1.89121	7800.46	1.8081	7800.96	1.88149	7801.38	2.14013
1512477206078	25.54	7800.33	2.23607	7800.72	1.83757	7800.62	2.02231	7800.44	1.95959	7800.79	2.072
1512477207232	25.54	7801.89	1.36423	7801.72	1.36991	7801.77	1.23517	7801.72	1.81475	7801.44	2.04053
1512477208290	25.54	7801.22	2.3863	7800.6	2	7800.62	2.39925	7800.64	2.09921	7800.31	2.05011
1512477209399	25.54	7800.33	2.44949	7799.92	1.82392	7799.85	2.30384	7799.96	2.07123	7800.58	2.06302
1512477210409	25.54	7801.67	1.65831	7801.32	1.7253	7801.38	1.80455	7801.44	1.93821	7801.16	2.0404
1512477211434	25.55	7801.67	1.41421	7801.24	1.53514	7801.38	1.50214	7801.32	1.57374	7801.12	2.00034
1512477212486	25.53	7800.67	2	7800.28	1.88237	7800.54	1.89804	7800.36	2.03879	7800.58	1.94856
1512477213546	25.53	7801.11	1.45297	7801.12	1.23558	7801.23	1.23517	7801.28	1.33915	7801.46	1.99201
1512477214650	25.53	7800.67	2.12132	7801.2	1.68325	7800.85	1.77229	7801.08	1.91311	7801.6	2.1726
1512477215711	25.54	7800.56	2.18581	7800.64	1.65529	7800.38	1.85016	7800.48	1.8735	7801.47	2.05146
1512477216801	25.54	7800.56	1.94365	7801.24	2.36784	7800.62	2.06311	7800.96	2.50799	7801.21	2.37203
1512477217863	25.54	7800.33	1.73205	7800.8	1.70783	7800.38	1.55662	7800.52	1.93907	7800.73	2.16319
1512477218886	25.53	7800.89	1.61589	7800.72	1.42945	7800.77	1.42325	7800.8	1.82574	7800.89	2.1271
1512477219931	25.53	7800.33	1.58114	7800.56	1.66032	7800.62	1.66024	7800.52	2.10396	7800.31	2.03736
1512477220945	25.53	7800.67	2.12132	7801.56	1.98074	7801	2.12132	7801.08	2.23458	7800.95	2.45319
1512477222049	25.53	7799.78	2.04803	7800.32	1.77294	7800.08	2.17798	7800.16	1.95107	7800.41	2.24845
1512477223052	25.53	7799.78	1.30171	7799.96	1.13578	7799.85	1.06819	7799.92	1.49778	7800.65	2.30945
1512477224100	25.52	7802.11	1.61589	7802.16	1.46287	7802.23	1.36344	7802.04	1.69509	7801.77	2.20618
1512477225117	25.52	7801.89	2.02759	7801.56	1.68523	7801.69	1.88788	7801.56	2.14243	7801.49	2.03129
1512477226168	25.52	7800.44	1.50923	7800.68	1.28193	7800.38	1.3253	7800.68	1.93046	7800.93	2.13371
1512477227209	25.52	7799	1.58114	7799.52	1.41774	7799	1.47196	7799.32	1.7253	7799.88	2.20589
1512477228234	25.54	7799.11	1.69148	7799.24	1.3626	7798.85	1.46322	7799.2	1.73205	7799.47	2.19148
1512477229368	25.52	7797.89	1.76383	7798.08	1.44106	7797.77	1.48064	7798.08	1.55242	7798.37	2.03214
1512477230428	25.52	7797.89	1.76383	7798.08	1.44106	7797.77	1.48064	7798.08	1.55242	7798.37	2.03214
1512477231592	25.52	7797.89	1.76383	7798.08	1.44106	7797.77	1.48064	7798.08	1.55242	7798.37	2.03214
1512477235601	25.34	7851.78	2.63523	7850.44	2.50133	7851.69	2.46254	7850.88	2.53837	7850.3	2.55417
1512477236638	25.38	7842.11	2.14735	7841.76	1.96384	7841.92	1.97744	7842	1.91485	7840.92	2.1358
1512477237684	25.41	7837.89	1.45297	7837.4	1.55456	7837.69	1.25064	7837.52	1.66132	7837.6	2.04949
1512477238693	25.42	7836	1.58114	7836.92	1.6052	7836.38	1.60927	7836.72	1.56844	7837.93	2.20809
1512477239800	25.44	7838.44	0.881917	7838.6	1.29099	7838.46	0.877058	7838.28	1.2083	7838.03	2.13706
1512477240880	25.45	7839.33	1.5	7839.32	1.40594	7839.46	1.26592	7839.12	1.42361	7839.17	2.07334
1512477241953	25.47	7842	1.11803	7843.08	2.37908	7842.15	1.3445	7842.76	2.00582	7843.15	2.38337
1512477242975	25.48	7844.56	1.66667	7845.2	1.97906	7845.08	2.13937	7844.96	1.90351	7844.64	2.13884
1512477244000	25.5	7845.89	2.02759	7846	1.84842	7845.85	2.0755	7845.76	2.00582	7845.93	1.95539
1512477245026	25.51	7845.78	1.39443	7846.24	1.2	7846.08	1.32045	7846.4	1.22474	7846.55	2.13317
1512477246078	25.52	7847.56	2.29734	7847.84	1.81842	7847.85	2.03495	7848	1.91485	7848.07	2.0829
1512477247156	25.53	7847.44	2.00693	7847.92	1.80093	7847.85	1.99358	7848.08	1.86905	7848.01	2.02842
1512477248225	25.55	7849	1.22474	7849	1.25831	7849.15	1.14354	7848.96	1.30639	7849.18	2.04717
1512477249269	25.55	7848.67	1.5	7849.08	1.55242	7849.15	1.67562	7849.08	1.44106	7849.1	1.73375
1512477250380	25.55	7848.56	1.94365	7848.56	1.68523	7848.92	1.89128	7848.84	1.79536	7848.55	1.89267
1512477251435	25.57	7850.33	2.54951	7849.96	1.90351	7850.31	2.21302	7850.08	1.84662	7849.39	1.77637
1512477252464	25.58	7847.22	1.85592	7847.96	1.6452	7847.77	1.92154	7847.96	1.79072	7848.44	1.94664
1512477253474	25.58	7846.33	1.65831	7847.2	1.44338	7847	1.82574	7847.16	1.74833	7847.41	1.89412
1512477254485	25.61	7845.11	2.08833	7845.28	1.76824	7845.62	2.02231	7845.48	1.96044	7846.17	2.09997
1512477255560	25.59	7843.89	1.2693	7844.48	1.38804	7844.38	1.3253	7844.52	1.35769	7845.24	1.9732
1512477256600	25.59	7841.67	1.41421	7842.32	1.77294	7842.23	1.69085	7842.4	1.70783	7843.33	2.07512
1512477257676	25.59	7841.67	1.41421	7842.24	1.56205	7842.08	1.5525	7842.16	1.43411	7842.91	2.15822
1512477258753	25.59	7843.67	1.58114	7843.68	1.54704	7843.85	1.72463	7843.68	1.70098	7843.56	1.98637
1512477259775	25.59	7841.89	1.76383	7842.32	1.8868	7842.31	1.75046	7842.08	1.77764	7842.68	2.19858
1512477260800	25.59	7839	1.87083	7840	1.91485	7839.54	1.98391	7839.92	1.80093	7841.46	2.2684
1512477261825	25.61	7839.89	1.61589	7840.28	1.56844	7840.23	1.7867	7840.12	1.53623	7840.71	2.03837
1512477262852	25.61	7838.78	1.30171	7839.24	1.80924	7839.38	1.60927	7839.32	1.62583	7839.13	2.13173
1512477263859	25.59	7839	1.73205	7839.24	2.00582	7839.69	1.93152	7839.52	1.82848	7838.97	1.88866
1512477265069	25.61	7839.33	1.73205	7839.28	1.59478	7839.77	1.83275	7839.28	1.59478	7838.64	1.93193
1512477266125	25.61	7836.44	1.01379	7837	1.65831	7837.08	2.01914	7837.24	2.08726	7836.77	2.25983
1512477267135	25.61	7836.56	0.881917	7836.64	1.35031	7836.92	1.11516	7836.76	1.53514	7836.27	1.98692
1512477268160	25.61	7832.11	1.45297	7833.36	2.03879	7833.15	2.54448	7833.32	2.09603	7833.97	2.15278
1512477269211	25.62	7834.11	1.53659	7833.68	1.65126	7834.31	1.4367	7833.88	1.50886	7834.38	2.3042
1512477270224	25.61	7832.67	1.41421	7832.96	1.88149	7833.15	1.90815	7832.8	1.73205	7833.23	2.02326
1512477271264	25.59	7831.89	1.83333	7831.64	1.60416	7832.15	1.72463	7831.84	1.67531	7832.3	2.02661
1512477272377	25.58	7832.56	1.5899	7831.92	1.95619	7832.31	1.37747	7832.08	1.80093	7831.94	2.09211
1512477273402	25.59	7832	1.22474	7831.32	1.54704	7831.62	1.55662	7831.4	1.47196	7831.65	2.17471
1512477274494	25.59	7830.44	1.94365	7830.6	1.80278	7830.54	2.02548	7830.44	1.82757	7830.71	2.07634
1512477275529	25.59	7829.78	1.56347	7829.88	2.00666	7830.31	1.97419	7829.72	2.05183	7829.8	2.2896
1512477276619	25.59	7828.78	1.85592	7829.56	1.70978	7829.31	1.79743	7829.44	1.91659	7829.92	2.0775
1512477277637	25.61	7828.67	1.93649	7828.6	1.87083	7828.85	1.62512	7828.64	1.84572	7828.51	2.01843
1512477278664	25.61	7826.67	1.65831	7826.84	1.57268	7827.08	1.5525	7826.92	1.6563	7826.76	2.00981
1512477279696	25.59	7825.22	1.20185	7826.12	1.64114	7825.85	1.67562	7825.96	1.81384	7826.57	2.12782
1512477280723	25.59	7826.67	0.707107	7827.72	2.07204	7827.38	1.93815	7827.36	2.01825	7826.79	2.08453
1512477281921	25.58	7825.56	1.23603	7826.28	1.96893	7826.15	2.0755	7826.08	1.91311	7826.37	2.07525
1512477283001	25.58	7824.11	1.69148	7825.52	2.08407	7824.69	2.05688	7825.32	2.17409	7826.21	2.20996
1512477284047	25.58	7823.89	2.42097	7825.28	2.62234	7824.77	2.86222	7825.08	2.5318	7825.75	2.20329
1512477285073	25.58	7823.67	1.58114	7824.52	2.27523	7824.08	2.13937	7824.28	2.28254	7825.34	2.22335
1512477286079	25.58	7823.89	1.36423	7824.4	1.55456	7824.23	1.64083	7824.36	1.52425	7824.73	2.031
1512477287126	25.57	7823.56	1.87824	7824.68	1.93046	7824.38	2.18092	7824.44	1.98074	7824.82	2.16748
1512477288158	25.57	7822.89	1.45297	7824.28	1.94765	7823.85	2.03495	7824	1.97906	7824.52	2.09432
1512477289176	25.57	7822.44	3.16667	7824.08	2.67582	7823.23	3.05924	7823.92	2.87112	7824.42	2.3285
1512477290181	25.57	7820.44	2.06828	7821.96	2.11108	7821.23	2.16617	7821.88	2.24202	7822.88	2.3128
1512477291228	25.57	7820.78	2.33333	7821.44	1.91659	7821.08	2.06	7821.48	1.8735	7822.17	2.08586
1512477292233	25.57	7821.33	1.41421	7821.84	1.54596	7821.54	1.45002	7822.16	1.772	7822.66	2.01224
1512477293267	25.56	7821.78	1.85592	7822.52	1.61038	7822.23	1.69085	7822.64	1.68028	7822.51	2.01326
1512477294303	25.56	7822.11	1.53659	7823.32	1.97315	7822.77	1.92154	7823.32	1.97315	7824.02	2.19961
1512477295311	25.55	7821.67	1.73205	7822.88	1.85562	7822.54	2.14536	7822.88	1.98578	7823.25	2.17533
1512477296324	25.56	7822.56	1.5899	7823.12	1.69115	7823.23	1.83275	7823.04	1.69509	7823.22	2.12728
1512477297335	25.55	7821.22	1.71594	7822.64	2.27083	7822.46	2.43637	7822.44	2.2745	7822.79	2.0888
1512477298480	25.55	7822.11	1.45297	7823.16	2.07525	7823.31	2.32324	7823.04	2.13073	7822.46	2.09647
1512477299566	25.54	7822.11	1.45297	7823.16	2.07525	7823.31	2.32324	7823.04	2.13073	7822.46	2.09647
1512477300678	25.53	7822.11	1.45297	7823.16	2.07525	7823.31	2.32324	7823.04	2.13073	7822.46	2.09647
1512477304236	25.36	7848.22	2.10819	7848.24	2.20378	7848.54	2.29548	7848.44	2.21886	7848.21	2.28707
1512477305293	25.4	7837.89	0.927961	7838.44	1.47422	7838.54	1.33012	7838.68	1.54704	7838.04	1.86758
1512477306316	25.42	7834.78	1.09291	7835.56	2.21886	7835.69	2.25036	7835.64	2.15793	7834.96	2.04729
1512477307430	25.44	7833.89	1.69148	7834.24	2.00582	7834.77	2.12736	7834.32	1.97315	7833.66	1.80772
1512477308472	25.47	7834.56	1.5899	7834.68	1.67631	7834.85	1.67562	7834.92	1.70587	7835.26	2.00136
1512477309484	25.48	7835.78	1.48137	7835.96	1.7673	7836	1.63299	7835.92	1.84662	7836.38	1.95974
1512477310533	25.5	7837	1.5	7837.92	1.57903	7837.77	1.73944	7838	1.60728	7838.42	1.96983
1512477311549	25.51	7838.11	1.61589	7838.28	1.72047	7838.46	1.45002	7838.52	1.82848	7838.08	1.93201
1512477312575	25.52	7839	1.87083	7839.76	1.87705	7839.54	1.94145	7839.72	1.88237	7839.54	1.93105
1512477313601	25.54	7839.67	2	7839.88	2.22336	7840.31	2.05688	7840.16	2.09523	7839.86	1.95686
1512477314671	25.54	7841.11	2.20479	7841.2	2.3094	7841.38	2.25605	7841.44	2.29274	7841.53	2.09666
1512477315692	25.55	7842.67	1.58114	7843.76	2.38537	7843.54	2.25889	7843.56	2.29274	7843.5	2.6302
1512477316706	25.56	7841.56	1.50923	7841.96	2.16949	7842.31	1.93152	7842.16	2.09523	7842.64	2.0724
1512477317711	25.57	7840.56	2.00693	7841.28	2.07204	7841.38	2.10311	7841.4	2.25462	7841.99	2.06909
1512477318728	25.57	7840.11	1.96497	7840.72	1.88237	7840.69	1.97419	7840.72	2.13151	7841.81	2.20547
1512477319754	25.58	7840.44	1.74005	7841.08	1.86905	7841.15	1.90815	7841	2.06155	7841.76	2.0502
1512477320788	25.58	7840.67	1.22474	7841	1.52753	7841.23	1.58923	7841.04	1.74356	7842.01	2.08164
1512477321820	25.59	7839.89	1.45297	7840.2	1.58114	7840.23	1.58923	7840.32	1.70098	7840.98	2.06397
1512477322860	25.61	7839	1.11803	7838.92	1.75404	7839.54	1.6641	7839.4	1.97906	7839.9	2.02063
1512477323889	25.59	7838.67	1.41421	7838.16	2.11503	7838.92	1.97744	7838.6	2.21736	7838.53	2.19385
1512477324893	25.59	7837.56	1.424	7838.04	1.48549	7838.15	1.62512	7838.16	1.62481	7837.88	1.8516
1512477325919	25.61	7836.89	1.83333	7837.12	1.96469	7837.46	1.94145	7837.24	2.12681	7837.7	2.22506
1512477326963	25.64	7834.89	1.76383	7835	1.87083	7835.23	1.73944	7835.04	1.81384	7835.72	2.05255
1512477327988	25.63	7835.33	1.41421	7835.92	2.5645	7836	1.95789	7835.84	2.37487	7835.54	2.3848
1512477329015	25.62	7834.78	1.48137	7835.28	2.17025	7835.15	1.51911	7835.28	2.0108	7834.99	1.96187
1512477330042	25.64	7831.78	1.64148	7832.64	1.60416	7832.31	1.70219	7832.72	1.72047	7833.61	1.90951
1512477331076	25.62	7830.89	1.45297	7831.96	2.00998	7831.62	1.80455	7832.08	2.21585	7832.77	1.99213
1512477332160	25.62	7831.22	1.30171	7831.72	1.56844	7831.69	1.37747	7831.84	1.97231	7832.44	1.76122
1512477333202	25.62	7829.56	1.50923	7830.72	2.30072	7830.15	2.03495	7830.72	2.26421	7831.41	2.13459
1512477334238	25.62	7833.11	2.61937	7833.32	2.26789	7833.54	2.3315	7833.56	2.2745	7833.26	2.25638
1512477335321	25.61	7831.33	1.22474	7832.16	1.90788	7832.08	1.84669	7832.28	1.96893	7832.62	2.07087
1512477336432	25.62	7830.67	1.32288	7831.2	1.84842	7831.08	1.5525	7831.16	1.90788	7831.48	1.90146
1512477337469	25.63	7829.56	1.424	7830.12	2.24202	7830.08	1.60528	7830.08	1.97737	7830.16	1.96232
1512477338475	25.63	7828	1.41421	7828.48	1.96044	7828.31	1.75046	7828.44	1.95959	7828.65	1.95222
1512477339583	25.62	7827.11	1.45297	7827.44	1.95959	7827.62	1.75777	7827.68	1.93046	7827.73	1.97641
1512477340715	25.62	7827.11	1.53659	7826.92	1.68127	7827.08	1.38212	7826.88	1.83303	7826.89	1.93312
1512477341795	25.62	7825.67	0.707107	7826.04	1.33791	7826.08	1.11516	7826	1.65831	7826.55	2.01528
1512477342807	25.62	7824.22	1.20185	7825.8	2.32737	7825.15	1.95133	7825.96	2.38886	7826.27	2.11885
1512477343809	25.62	7824.78	1.64148	7825.04	2.0306	7825.08	1.44115	7825.36	1.97653	7824.75	2.02659
1512477344812	25.61	7823.56	1.33333	7823.76	1.80924	7823.77	1.16575	7823.96	1.59374	7823.58	1.91622
1512477345860	25.63	7823.78	1.71594	7824.16	2.2301	7824.15	1.67562	7824.04	2.13073	7823.49	1.97407
1512477346885	25.62	7821.22	1.30171	7822.48	2.18174	7821.85	1.62512	7822.2	2.17945	7821.49	2.17013
1512477347912	25.62	7819.67	1.32288	7820.6	2.17945	7820.38	1.60927	7820.56	2.10317	7820.21	1.93688
1512477348929	25.63	7819.44	1.5899	7820.76	2.20378	7820.46	2.29548	7820.8	2.39792	7820.22	2.0456
1512477349940	25.62	7819.44	2.00693	7820.12	2.06801	7820.08	2.01914	7820.04	2.24499	7819.64	2.0493
1512477351001	25.62	7819.33	1.22474	7820.32	2.17409	7820.08	1.60528	7820.16	1.99332	7820.11	1.96415
1512477352005	25.61	7819.78	2.16667	7820.16	2.2487	7820.38	2.14237	7820.16	2.54427	7819.75	2.11648
1512477353050	25.62	7817.33	1.5	7818.2	2.21736	7818	1.73205	7818.16	2.52784	7818.03	2.15164
1512477354156	25.62	7817.11	1.69148	7818	1.97906	7817.92	1.89128	7818.24	2.10713	7817.56	1.85607
1512477355291	25.61	7817.78	1.71594	7818.48	1.75879	7818.31	1.93152	7818.44	1.98074	7817.79	1.82616
1512477356359	25.62	7817.89	1.45297	7818.08	1.70587	7818.23	1.36344	7818	1.95789	7817.25	2.10228
1512477357371	25.61	7815.33	1.65831	7816.12	1.87794	7815.85	1.77229	7815.8	2.04124	7815.9	2.02989
1512477358398	25.59	7814.44	1.81046	7815.2	2.14087	7814.85	1.77229	7815.04	2.15019	7815.09	1.96893
1512477359443	25.58	7815.44	1.5899	7816.4	2.06155	7816.08	1.84669	7816.12	2.42074	7816.22	2.19068
1512477360471	25.59	7813.67	1.5	7814.36	2.09921	7814.38	1.89466	7814.32	2.41039	7814.58	2.21402
1512477361494	25.58	7814.78	2.16667	7815.12	2.00666	7815.08	2.10006	7814.84	2.09523	7815.29	2.07885
1512477362603	25.58	7816.89	1.90029	7816.88	2.08806	7817.08	1.801	7816.96	1.94679	7816.58	1.94877
1512477363613	25.58	7815.67	1.87083	7815.92	1.82392	7816.08	1.801	7816.08	1.97737	7815.95	1.99293
1512477364655	25.57	7813.67	2.39792	7814.24	2.29637	7814.38	2.32875	7814.12	2.35089	7813.87	1.9718
1512477365681	25.57	7813.89	1.96497	7814.4	1.93649	7814.46	1.98391	7814.32	1.93046	7814.18	2.09664
1512477366725	25.57	7813.22	1.85592	7814.2	2.14087	7814	2	7814.08	2.44813	7815.06	2.49622
1512477367761	25.57	7812.89	2.848	7813.64	2.27083	7813.54	2.56955	7813.68	2.54493	7814.18	2.28976
1512477368788	25.56	7814.33	2.29129	7814.28	2.31876	7814.85	2.30384	7814.6	2.27303	7814.07	2.23255
1512477369792	25.56	7813.67	2.23607	7814.76	2.35018	7814.62	2.39925	7814.88	2.61916	7815.23	2.31387
1512477370795	25.56	7812.78	1.92209	7814.04	2.05102	7813.85	2.40992	7814.12	2.18556	7814.21	1.98469
1512477371819	25.56	7813.33	2.23607	7814.24	2.14631	7814.08	2.21591	7814.24	2.29637	7814.28	2.12049
1512477372865	25.56	7813.78	2.16667	7815.16	2.4779	7814.85	2.51151	7815.28	2.9229	7815.16	2.39502
1512477373888	25.56	7812.67	1.65831	7813.92	2.08006	7813.62	2.06311	7814	2.36291	7814.17	2.26464
1512477374898	25.57	7813	1.65831	7813.68	1.81934	7813.54	1.6641	7813.64	2.13854	7813.36	2.0493
1512477375937	25.56	7810.67	1.5	7811.92	2.28983	7811.46	1.89804	7811.64	2.44745	7811.94	2.1204
1512477376947	25.55	7810.44	2.4037	7811.4	2.27303	7811.15	2.30384	7811.44	2.72458	7811.63	2.30391
1512477378000	25.55	7811.22	1.7873	7812.36	2.11896	7811.77	1.69085	7812.48	2.45153	7812.48	2.1264
1512477379023	25.55	7811.89	1.36423	7811.96	2.11108	7812.15	1.28103	7812.12	2.26053	7811.57	2.20476
1512477380024	25.55	7810.89	1.76383	7811.64	2.11896	7811.46	1.76141	7811.52	2.36502	7811.47	2.28449
1512477381198	25.55	7810	1.65831	7810.92	2.11975	7810.69	1.93152	7810.56	2.2745	7810.82	2.2852
1512477382205	25.54	7810.78	2.53859	7811.84	2.4779	7811.46	2.69615	7811.6	2.67706	7811.37	2.49466
1512477383243	25.54	7812.11	2.02759	7813	2	7812.54	2.02548	7812.56	2.10317	7811.83	2.26464
1512477384260	25.55	7810.78	2.63523	7811.76	2.36784	7811.08	2.49872	7811.64	2.46441	7811.67	2.16077
1512477385282	25.53	7810	1.93649	7811.04	1.98914	7810.54	1.85362	7811	2.08167	7811.38	2.20486
1512477386308	25.54	7808.78	1.7873	7810.24	2.14631	7809.69	2.09701	7810.24	2.14631	7810.26	2.03552
1512477387322	25.55	7810.44	1.424	7810.72	2.17025	7810.69	1.31559	7810.76	2.10713	7810.24	1.9278
1512477388343	25.54	7807.78	1.56347	7808.6	1.89297	7808.15	1.46322	7808.56	2.00167	7808.92	1.87338
1512477389385	25.53	7809	2.06155	7809.84	2.11503	7809.62	1.98068	7809.92	2.27156	7809.5	2.17736
1512477390527	25.55	7807.33	2.17945	7808.88	2.35089	7808.15	2.44425	7808.88	2.57099	7808.92	2.34724
1512477391554	25.53	7808.44	1.81046	7809.16	2.0347	7809	1.82574	7809.12	2.27889	7809.15	2.1114
1512477392576	25.54	7809.56	2.29734	7809.92	1.93477	7809.92	1.97744	7809.84	1.97231	7809.72	2.03527
1512477393602	25.53	7808	2.06155	7809.36	2.25241	7808.85	2.23033	7809.52	2.36502	7809.33	2.11243
1512477394627	25.53	7807.78	1.85592	7809.28	2.30072	7808.54	1.94145	7809.32	2.37557	7809.58	2.16165
1512477395653	25.53	7808.33	1.93649	7809.4	2.16025	7808.85	1.77229	7809.32	2.11581	7809.35	2.10622
1512477396678	25.53	7808.11	1.83333	7809.24	2.14631	7808.46	1.6641	7809.04	2.18861	7809.17	2.27229
1512477397839	25.53	7808.44	2.45515	7808.6	2.53311	7808.85	2.30384	7808.72	2.30072	7808.1	2.21021
1512477398846	25.53	7806.67	1.58114	7807.8	2.34521	7807.54	1.98391	7807.6	2.21736	7808	2.16506
1512477399916	25.53	7807.44	2.55495	7807.96	2.09125	7808	2.3094	7807.92	1.97737	7807.91	2.0278
1512477400943	25.53	7807.56	1.66667	7809	2.08167	7808.23	1.7867	7808.72	2.20832	7810.01	2.76605
1512477402037	25.52	7806.67	2	7808.08	2.11975	7807.31	1.93152	7807.88	2.22336	7808.98	2.36502
1512477403044	25.53	7809.89	1.61589	7809.84	1.95107	7810.08	1.60528	7809.56	2.00167	7809	2.06408
1512477404096	25.53	7808.44	1.66667	7808.84	1.7	7809	1.73205	7808.92	1.97737	7808.52	1.9898
1512477405127	25.52	7807.56	2.18581	7807.84	2.19241	7807.85	2.03495	7807.84	2.13464	7807.93	1.96337
1512477406137	25.52	7807	2.34521	7808.16	2.33952	7807.69	2.3939	7808.12	2.53837	7808.35	2.15269
1512477407231	25.52	7806.33	2.12132	7807.84	2.30362	7807.23	2.48843	7807.8	2.3094	7808.02	2.09284
1512477408254	25.53	7807.44	1.87824	7808.96	1.94679	7808.38	2.18092	7808.96	2.05102	7808.29	1.97082
1512477409312	25.53	7806	1.87083	7806.96	1.69509	7806.85	2.1543	7807.12	1.87794	7806.95	1.81068
1512477410409	25.53	7805.56	1.94365	7807.04	2.16949	7806.46	2.29548	7806.8	2.19848	7807.33	2.01871
1512477411498	25.53	7806.44	2.12786	7807.28	2.17025	7807.08	2.10006	7807.32	2.34023	7807.21	2.03832
1512477412511	25.52	7805.11	2.20479	7806.24	2.31445	7805.92	2.2532	7806.12	2.36854	7806.5	2.05174
1512477413516	25.53	7806.56	1.66667	7806.96	1.98914	7807.15	1.90815	7807.04	1.94679	7806.69	2.12985
1512477414555	25.53	7805.89	2.26078	7807.32	2.7037	7806.46	2.14536	7807.2	2.75379	7806.47	2.30725
1512477415605	25.52	7805.44	1.94365	7806.4	2.02073	7805.77	1.7867	7806.44	2.2561	7806.72	2.25616
1512477416633	25.54	7806.89	2.02759	7807.48	1.80555	7807.23	1.7867	7807.4	2.14087	7806.95	2.12068
1512477417765	25.54	7805.33	2.39792	7806.32	2.41039	7805.92	2.28989	7806.08	2.5482	7805.87	2.14787
1512477418798	25.54	7803	2.34521	7804.16	2.37487	7804	2.61406	7804.16	2.4097	7803.7	2.1362
1512477419799	25.53	7802.44	1.66667	7803.36	2.01825	7803.46	2.10616	7803.44	2.04287	7803.26	1.9758
1512477420822	25.53	7804.11	2.14735	7804.88	1.78699	7804.69	2.01596	7804.8	1.77951	7804.74	2.01236
1512477421908	25.52	7803.67	2.17945	7804.6	1.91485	7804.46	2.25889	7804.56	2.10317	7804.63	2.47607
1512477422930	25.53	7807.33	2.82843	7806.8	2.39792	7807.08	2.4311	7806.84	2.32164	7805.24	2.35964
1512477424031	25.52	7805.56	2.12786	7806.48	2.32952	7806.31	2.25036	7806.72	2.30072	7806.81	2.39781
1512477425049	25.52	7806	2.34521	7806.32	2.37557	7806.31	2.01596	7806.48	2.25684	7806.65	2.22409
1512477426253	25.52	7803.22	2.43812	7803.88	2.27889	7803.69	2.13638	7804.08	2.19697	7804.59	2.3126
1512477427267	25.52	7803.78	1.71594	7804.16	1.40475	7804.08	1.60528	7804.44	1.70978	7804.56	2.28396
1512477428297	25.53	7807.44	2.69774	7806.68	2.59358	7807.69	2.46254	7807.16	2.4097	7806.04	2.2473
1512477429370	25.52	7805.56	2.18581	7805.8	2.21736	7806.15	2.19265	7806.04	2.16949	7805.75	2.28453
1512477430546	25.52	7803.67	1.87083	7805.12	2.3331	7804.46	2.22169	7804.92	2.43105	7805.11	2.1271
1512477431580	25.53	7802.67	1.87083	7803.8	2.23607	7803.38	2.02231	7803.68	2.32236	7803.33	2.20886
1512477432588	25.52	7801.22	1.30171	7802.6	1.95789	7801.85	1.57301	7802.52	2.10396	7803.08	2.27838
1512477433632	25.53	7802.89	1.69148	7803.72	1.90438	7803.46	1.76141	7803.64	1.93391	7803.42	2.3465
1512477434742	25.53	7803.67	3.3541	7803.68	2.64134	7803.77	2.7735	7803.6	2.70801	7802.84	2.31393
1512477435767	25.53	7802.22	2.72845	7802.32	2.17409	7802.31	2.32324	7802.2	2.29129	7801.97	2.09391
1512477436838	25.52	7802.33	1.5	7803.04	1.59374	7802.85	1.51911	7803	1.65831	7802.8	2.10792
1512477437933	25.52	7801.56	1.87824	7802.92	2.1587	7802.46	2.10616	7802.72	2.07204	7802.55	2.25206
1512477438959	25.52	7800.89	1.90029	7801.88	2.16641	7801.54	1.98391	7801.88	2.27889	7802.04	2.2601
1512477440031	25.52	7801.78	0.971825	7803.28	1.86011	7802.69	1.70219	7803.36	2.03879	7803.41	2.15138
1512477441124	25.52	7802.22	1.20185	7803.52	1.96044	7803.08	1.70595	7803.56	2.08327	7803.81	2.21416
1512477442134	25.52	7803.67	1.80278	7804.36	1.89033	7804.15	1.67562	7804.2	1.95789	7804.58	2.29715
1512477443159	25.52	7803.22	2.16667	7804.28	2.716	7803.69	2.21302	7804	2.64575	7804.23	2.2337
1512477444200	25.52	7805.89	1.90029	7804.88	2.58715	7805.85	1.57301	7805	2.58199	7803.84	2.20952
1512477445226	25.52	7803.33	1.5	7803.28	1.98997	7803.69	1.37747	7803.36	2.11896	7803.26	2.16632
1512477446251	25.52	7803.11	2.75882	7803.6	2.36291	7803.46	2.3315	7803.52	2.46847	7803.52	2.16524
1512477447263	25.52	7801.78	1.98606	7802.68	2.49533	7802.31	2.01596	7802.76	2.68142	7802.91	2.30658
1512477448287	25.53	7802.22	1.92209	7803.24	2.38537	7802.69	1.88788	7803.48	2.56775	7803.79	2.66565
1512477449330	25.51	7802.56	1.94365	7802.92	1.95619	7802.62	1.66024	7802.8	1.95789	7802.92	2.19217
1512477450366	25.51	7800.78	1.92209	7801.96	2.16949	7801.62	2.06311	7802.08	2.25315	7802.72	2.14439
1512477451413	25.51	7801.44	1.5899	7802.6	1.89297	7802.08	1.65638	7802.6	2.06155	7803.48	2.00804
1512477452435	25.52	7802.44	2.06828	7803.36	2.2891	7803.15	2.19265	7803.48	2.74044	7803.33	2.3301
1512477453450	25.52	7803.11	2.02759	7803.96	2.18861	7803.62	2.02231	7803.92	2.21585	7803.96	2.63359
1512477454487	25.51	7802	1	7803.44	2.16179	7802.92	1.75412	7803.24	2.20378	7803.44	2.22374
1512477455493	25.52	7801.44	1.33333	7802.36	1.89033	7802.15	1.62512	7802.32	1.86458	7802.47	2.03617
1512477456521	25.52	7800.56	1.50923	7801.64	2.32522	7801.15	1.67562	7801.44	2.31084	7802.04	2.21588
1512477457579	25.51	7800.67	1.41421	7801.68	1.8868	7801.23	1.48064	7801.56	1.95959	7801.6	2.18932
1512477458751	25.52	7800.22	1.7873	7801.28	1.81475	7800.77	1.7867	7801.2	1.91485	7801.58	2.09807
1512477459862	25.52	7801.44	2.06828	7802.6	2.36291	7802.15	2.19265	7802.4	2.04124	7801.76	2.3179
1512477460884	25.52	7800.67	1.80278	7801.16	2.33952	7801.46	1.98391	7801	2.38048	7800.62	2.19064
1512477461979	25.52	7799.89	1.36423	7800.44	1.87261	7800.23	1.30089	7800.2	2.16025	7800.25	2.18965
1512477463004	25.52	7800.78	2.22361	7801.92	2.23458	7801.15	1.95133	7801.68	2.41039	7801.47	2.08927
1512477464079	25.51	7801.44	1.13039	7802.32	1.8868	7801.92	1.44115	7802.32	2.05589	7802.35	1.92305
1512477465087	25.52	7800.44	1.50923	7801.12	1.69115	7801	1.68325	7801.08	1.86905	7801.38	1.92758
1512477466114	25.53	7798	2	7799.4	2.34521	7798.92	2.62874	7799.32	2.51197	7799.97	2.44716
1512477467221	25.51	7797.33	2	7798.96	2.35372	7798.08	2.13937	7798.68	2.30434	7799.58	2.39466
1512477468298	25.52	7799.89	1.2693	7800.76	1.94251	7800.69	1.84321	7800.64	1.89033	7801.01	2.03996

1512477469402	25.52	7798.56	2.651	7800.16	2.64071	7799.69	2.83974	7800.08	2.5318	7800.31	2.04041
1512477470966	25.63	7798.56	2.651	7800.12	2.6032	7799.62	2.75495	7800.04	2.49132	7800.25	2.0673
1512477472032	25.64	7853.89	1.53659	7853.64	1.62993	7853.92	1.32045	7853.64	1.60416	7852.89	1.83072
1512477473033	25.63	7854.67	2.29129	7854.44	2.58328	7855	2.04124	7854.56	2.43379	7854.18	2.00262
1512477474105	25.63	7858.44	1.01379	7858.96	1.94679	7859.15	1.57301	7858.96	2.00998	7859.83	2.26541
1512477475129	25.64	7867.56	1.424	7867.44	1.75784	7867.69	1.37747	7867.52	1.63605	7867.11	2.01749
1512477476236	25.62	7873	1.41421	7873.48	2.58392	7873.08	1.75412	7873.24	2.5865	7873.17	2.18267
1512477477299	25.62	7875.67	1.22474	7876.32	2.13542	7876.08	1.25576	7876.12	2.04776	7876.88	2.23958
1512477478347	25.63	7879.56	1.5899	7880.28	2.37206	7879.85	1.40512	7879.96	2.24499	7880.39	2.25907
1512477479362	25.64	7884.22	1.71594	7884.36	2.34307	7884.46	1.94145	7884.2	2.3094	7884.54	2.21486
1512477480441	25.65	7886.56	1.13039	7886.52	1.91746	7886.62	1.55662	7886.56	2.00167	7887.12	1.78282
1512477481708	25.65	7887	1.11803	7887.28	2.03142	7887.31	1.1094	7887.12	1.87794	7888.07	2.05665
1512477482752	25.65	7891	1.22474	7891.56	1.70978	7891.23	1.16575	7891.32	1.51987	7892.26	1.70942
1512477483775	25.66	7893.89	2.42097	7894	2.04124	7894	2.3094	7893.96	1.92527	7894.35	1.87603
1512477484781	25.66	7893.44	1.87824	7893.24	2.14631	7893.62	2.10311	7893.28	2.05183	7894.45	2.1333
1512477485797	25.66	7893.67	1.32288	7894	2.08167	7894	1.47196	7893.96	1.98914	7894.84	2.02333
1512477486933	25.67	7895.56	1.87824	7895	2.32737	7895.38	1.80455	7895.16	2.09523	7895.07	1.99233
1512477487946	25.67	7894.67	1.73205	7894.88	2.18556	7894.92	1.5525	7894.6	2.23607	7895.16	2.02333
1512477488988	25.67	7894.67	1.5	7894.96	2.35372	7895.23	1.73944	7894.96	2.16949	7895.72	2.11558
1512477490012	25.68	7893.67	1.32288	7894.08	2.46509	7894.08	1.5525	7894.04	2.38886	7894.95	2.26221
1512477491023	25.67	7895.22	1.85592	7895.96	1.90351	7895.62	1.66024	7895.72	2.11187	7896.55	2.09374
1512477492111	25.68	7893.67	1.11803	7894.04	1.79072	7893.85	1.06819	7893.92	1.89121	7894.96	1.96276
1512477493188	25.67	7892.78	1.48137	7893.48	1.78232	7893	1.35401	7893.12	1.9	7894.37	2.21164
1512477494227	25.68	7893.11	1.36423	7893.72	1.94765	7893.31	1.18213	7893.56	2.06317	7894.09	2.13395
1512477495303	25.67	7891.56	0.881917	7891.6	1.73205	7891.46	0.967418	7891.56	1.63503	7892.32	2.30949
1512477496331	25.67	7894.11	1.53659	7894.2	1.97906	7894.23	1.58923	7894.12	1.81016	7894.52	1.9845
1512477497361	25.68	7893.44	1.50923	7893.24	2.08726	7893.69	1.37747	7893.4	2.06155	7893.9	2.07054
1512477498447	25.67	7893.33	1.73205	7893.2	1.82574	7893.62	1.80455	7893.24	1.76257	7893.71	2.05364
1512477499482	25.67	7891.33	2.44949	7891.56	1.98074	7891.54	2.06621	7891.48	1.8735	7892.12	1.91249
1512477500508	25.67	7892.56	2.35112	7892.48	2.21961	7892.85	2.30384	7892.4	2.12132	7892.14	1.93545
1512477501520	25.67	7891.22	1.71594	7891.28	1.6207	7891.23	1.42325	7891.36	1.43991	7891.81	1.6862
1512477502593	25.67	7891.56	2.00693	7890.96	1.88149	7891.08	1.93484	7890.8	1.82574	7890.82	1.6956
1512477503673	25.67	7890.22	1.56347	7889.96	1.67033	7890	1.35401	7890.08	1.70587	7889.95	1.81642
1512477504726	25.67	7890.78	1.48137	7890.04	2.22636	7890.38	1.89466	7889.96	2.16949	7890.53	2.12389
1512477505772	25.66	7890.33	1.41421	7889.84	1.79536	7890.08	1.25576	7889.6	1.75594	7889.69	1.8666
1512477506929	25.66	7889.33	1.58114	7889.12	2.20454	7889.38	1.44559	7889	2.14087	7888.91	1.94388
1512477508011	25.66	7888.78	1.30171	7888.8	1.60728	7888.92	1.11516	7888.64	1.62993	7888.93	1.92046
1512477509146	25.66	7888.22	0.971825	7888.48	1.85113	7888.46	1.05003	7888.36	1.84572	7888.78	1.98544
1512477510253	25.66	7889	0.866025	7889.56	1.87261	7889.62	1.38675	7889.32	1.7253	7889.54	2.13107
1512477511335	25.66	7886.44	0.527046	7886.96	2.20756	7886.69	0.85485	7886.76	1.94251	7887.08	2.1514
1512477512349	25.66	7885.89	0.600925	7885.76	1.76257	7886	0.57735	7885.64	1.62993	7885.96	2.01255
1512477513426	25.67	7885.56	1.01379	7885.64	1.86815	7885.85	1.62512	7885.68	1.77294	7885.88	1.91521
1512477514515	25.66	7886.11	1.45297	7885.96	2.3	7886	2.04124	7885.8	2.10159	7886.2	1.99285
1512477515588	25.65	7885.67	1.22474	7885.64	2.53114	7885.62	1.66024	7885.56	2.14243	7886.05	2.07236
1512477516681	25.65	7886.89	1.16667	7886.88	2.18556	7886.69	1.70219	7886.76	2.1848	7886.73	1.94453
1512477517755	25.64	7884.78	1.20185	7885.32	1.93046	7885.15	1.40512	7885.4	1.89297	7885.59	1.93224
1512477518846	25.65	7884.22	1.39443	7884.44	1.89473	7884.46	1.39137	7884.36	1.823	7884.27	1.97173
1512477519871	25.65	7882.56	1.13039	7882.8	1.82574	7882.92	1.5525	7882.84	1.72434	7882.98	1.91343
1512477520897	25.65	7882.33	2	7882.36	1.95533	7882.46	1.76141	7882.16	1.79536	7882.46	2.0765
1512477521947	25.64	7882.89	1.36423	7883.04	2.15019	7883.15	1.46322	7883.12	1.96469	7883.08	1.97468
1512477522963	25.64	7882.33	1.5	7882.16	2.09523	7882.38	1.7097	7882.08	1.93477	7882.8	1.95592
1512477523974	25.64	7882.44	1.50923	7881.6	2.04124	7882.08	1.75412	7881.64	1.75309	7882.13	2.07728
1512477525098	25.65	7882.33	1.65831	7882.04	2.07123	7882.31	1.60128	7882.04	1.7673	7882.41	2.16346
1512477526178	25.64	7883.11	2.14735	7882.6	2.29129	7882.85	1.99358	7882.4	2.23607	7882.45	2.06871
1512477527190	25.64	7880.78	1.39443	7880.76	2.02649	7880.92	1.32045	7880.68	1.95192	7880.93	2.08682
1512477528212	25.63	7881.44	1.01379	7880.76	1.96384	7881.46	0.877058	7880.88	1.81016	7880.72	2.02758
1512477529252	25.63	7880.89	1.2693	7880.4	2	7880.62	1.19293	7880.52	1.71075	7881.4	2.05203
1512477530277	25.63	7880.44	1.424	7880.28	1.96893	7880.62	1.7097	7880.24	1.98494	7880.86	2.0631
1512477531316	25.63	7882	2	7881.4	2.48328	7881.69	2.71982	7881.64	2.43036	7881.17	2.07753
1512477532408	25.63	7879.56	1.23603	7879.48	2.20076	7879.69	1.49358	7879.56	2.02237	7880.02	1.92017
1512477533417	25.62	7880.11	1.53659	7879.88	2.31517	7880.31	1.84321	7879.92	2.13931	7879.58	1.878
1512477534459	25.62	7879.44	1.50923	7878.88	1.9	7879.23	1.58923	7879	1.68325	7879.24	1.79634
1512477535484	25.64	7879.22	1.39443	7878.72	2.33666	7878.77	1.96443	7878.88	2.10792	7878.94	1.99788
1512477536510	25.63	7878.56	1.5899	7878.2	2.23607	7878.23	1.5359	7878.2	2.12132	7878.17	2.01215
1512477537535	25.64	7879.44	2.06828	7878.84	2.60896	7879	2.04124	7878.92	2.48193	7878.15	1.90209
1512477538561	25.63	7878	1	7877.68	2.54493	7877.92	1.93484	7877.6	2.41523	7877.52	2.10429
1512477539587	25.63	7876.33	1.22474	7876.36	2.39583	7876.54	1.5064	7876.32	2.19317	7876.62	2.13555
1512477540622	25.62	7877.44	1.23603	7877.04	2.22636	7877.54	1.45002	7877.12	2.08806	7877.56	1.97041
1512477541648	25.62	7877.67	1	7877.76	1.87705	7877.85	1.14354	7877.76	1.69017	7878.32	1.90082
1512477542674	25.61	7879.78	1.71594	7879.72	2.20832	7879.85	1.62512	7879.64	2.15793	7879.27	2.10956
1512477543701	25.61	7879.56	1.33333	7878.96	2.24499	7879.69	1.25064	7879.08	2.1587	7879.2	2.11704
1512477544727	25.61	7881.11	2.14735	7880.96	2.28181	7881.31	1.84321	7881.08	2.28983	7880.78	2.21902
1512477545751	25.61	7878.67	1.5	7878.96	1.7195	7879.08	1.44115	7879.08	1.70587	7879.4	2.10441
1512477546766	25.61	7879	1.65831	7878.8	1.58114	7879.08	1.38212	7878.84	1.59896	7879.02	2.05639
1512477547792	25.59	7878.44	1.01379	7877.88	1.76352	7878.46	1.26592	7877.8	1.68325	7878.26	2.01692
1512477548794	25.61	7878	1.22474	7877.72	1.54164	7877.92	1.03775	7877.48	1.50333	7877.95	1.89652
1512477549827	25.59	7878.11	1.36423	7877.88	2.04776	7878.15	1.28103	7878	1.89297	7878.84	2.14576
1512477550865	25.59	7877.33	1.32288	7876.96	1.59374	7877.23	1.16575	7877.08	1.49778	7878.09	2.10941
1512477551879	25.59	7877.44	1.33333	7876.76	1.94251	7877.31	1.31559	7876.84	1.65025	7877.32	1.88707
1512477552904	25.61	7876.89	1.53659	7876.6	2.08167	7877	1.52753	7876.76	1.85472	7877.65	1.85087
1512477553930	25.59	7877.67	1.73205	7876.8	2.32737	7877.62	2.02231	7876.84	2.19241	7876.97	2.11125
1512477555021	25.59	7877.33	1.87083	7876.6	2.08167	7877.23	1.69085	7876.56	1.91659	7876.72	1.87545
1512477556111	25.59	7876.56	2.18581	7875.84	2.32164	7876.62	1.89466	7875.92	2.17792	7875.63	2.0347
1512477557137	25.58	7875.33	2.17945	7874.76	2.27816	7875.23	1.96443	7874.8	2.34521	7875.01	2.01168
1512477558276	25.58	7875.11	2.14735	7874.96	2.45764	7875.15	1.77229	7875	2.51661	7876.45	2.24963
1512477559286	25.58	7875.56	1.66667	7875.12	2.26053	7875.38	1.7097	7875.32	2.23084	7876.15	1.96577
1512477560329	25.58	7876.22	1.71594	7875.96	2.37136	7876.15	1.57301	7876.08	2.25315	7876.32	2.05913
1512477561364	25.58	7876.78	2.27913	7876.48	2.12368	7876.62	1.89466	7876.4	2.08167	7876.66	2.11284
1512477562429	25.58	7874.11	1.45297	7873.92	2.1587	7873.92	1.25576	7874.08	2.1	7875.12	2.19879
1512477563519	25.58	7873.22	1.7873	7873	2.21736	7873.08	1.49786	7873.04	2.05102	7874.07	2.13964
1512477564593	25.58	7873.44	1.87824	7873.32	2.34023	7873.38	1.60927	7873.28	2.24574	7874.04	2.16355
1512477565684	25.58	7872.67	2.06155	7872.96	2.35372	7873	1.77951	7872.68	2.32236	7873.03	2.07391
1512477566721	25.58	7874.33	2.06155	7874.24	2.48797	7874.62	2.36426	7874.4	2.58199	7874.92	2.38903
1512477567735	25.58	7872.89	2.02759	7873.04	2.37136	7873.31	2.05688	7873.2	2.21736	7874.21	2.21064
1512477568761	25.58	7872.78	1.64148	7872.56	2.2	7873.08	1.49786	7872.52	1.98158	7872.82	1.96407
1512477569835	25.57	7874.22	2.33333	7873.68	2.54493	7874.23	2.48843	7873.88	2.50533	7873.55	2.05115
1512477570926	25.57	7872.22	1.64148	7871.92	2.08006	7872.15	1.99358	7872.2	2.08167	7872.56	1.96246
1512477571938	25.57	7874	1.65831	7872.76	2.8178	7873.85	1.81871	7873.12	2.5219	7873.29	2.31813
1512477572988	25.57	7873.22	1.64148	7872.88	2.10792	7873.08	1.44115	7873	2.25462	7873.6	2.43721
1512477574084	25.56	7874.89	1.61589	7874.2	2.48328	7874.62	1.44559	7874.4	2.48328	7874.44	2.38219
1512477575127	25.55	7874.33	1.5	7874.36	1.89033	7873.92	1.5525	7874.24	2.1848	7875.15	2.1114
1512477576179	25.55	7874.67	1.5	7874.56	1.85023	7874.62	2.06311	7874.44	1.87261	7874.56	1.8922
1512477577204	25.55	7874.11	1.61589	7873.88	2.55473	7874.23	1.58923	7873.92	2.23458	7874.2	2.14636
1512477578331	25.55	7875.11	1.76383	7874.48	2.46847	7875	1.47196	7874.6	2.19848	7874.08	2.08646
1512477579343	25.55	7875.67	1.11803	7875.44	2.02237	7875.62	1.26085	7875.8	1.77951	7875.53	1.76191
1512477580432	25.55	7874.67	1	7874.32	2.13542	7874.62	1.26085	7874.48	2.18174	7874.34	1.86401
1512477581557	25.55	7874.89	1.05409	7873.96	2.35372	7874.62	1.19293	7874.28	2.11187	7875.07	2.25246
1512477582664	25.55	7874.78	1.39443	7873.8	2.53311	7874.23	1.48064	7873.76	2.27816	7874.61	2.31399
1512477583753	25.55	7873.33	1.32288	7872	2.19848	7872.92	1.65638	7872.16	1.92959	7872.47	2.29139
1512477584760	25.55	7873.78	1.56347	7873.08	2.43105	7873.69	1.31559	7873.12	2.16641	7873.55	2.10614
1512477585790	25.55	7873.67	1.87083	7873.48	2.16256	7873.85	1.62512	7873.6	1.93649	7874.32	2.12098
1512477586829	25.55	7873.67	1.41421	7873.12	2.06801	7873.54	1.33012	7873.24	1.94251	7873.46	2.09398
1512477587917	25.55	7872.11	1.16667	7871.64	2.15793	7871.92	1.03775	7871.64	2.01825	7872.19	1.93553
1512477588963	25.54	7872.22	1.98606	7872.16	2.33952	7872.23	2.04751	7872.16	2.35726	7872.79	2.19577
1512477589968	25.54	7872.89	1.16667	7872.88	1.96469	7873	1.08012	7872.92	1.95619	7872.82	1.89662
1512477590984	25.55	7874.33	1.58114	7873.68	2.07605	7874	1.41421	7873.56	2.04287	7873.12	2.22703
1512477591995	25.56	7873	1.5	7872.84	2.19241	7872.92	1.25576	7872.64	2.05913	7872.88	2.21385
1512477593084	25.55	7874	1.58114	7873.44	2.43379	7873.92	1.44115	7873.32	2.09603	7872.88	2.01848
1512477594159	25.55	7871.78	2.22361	7871.2	2.25462	7871.69	2.01596	7871.36	2.05913	7871.54	2.05644
1512477595210	25.54	7871.78	1.48137	7871.6	2.48328	7871.92	1.84669	7871.64	2.2151	7871.85	2.09494
1512477596214	25.54	7872.22	1.39443	7871.52	2.04369	7872.23	1.69085	7871.88	1.73973	7872.38	2.14013
1512477597238	25.55	7872.11	2.02759	7871.88	1.98578	7872.15	1.72463	7872.04	2.00998	7872.8	2.10792
1512477598392	25.55	7871	1.65831	7870.56	2.18098	7870.92	1.44115	7870.68	1.99416	7871.87	2.30771
1512477599547	25.55	7873.67	1.41421	7872.72	1.90438	7873.23	1.36344	7872.8	1.82574	7872.98	1.98158
1512477600605	25.55	7871.78	1.39443	7871.16	1.772	7871.46	1.26592	7871.04	1.51327	7871.58	1.87778
1512477601680	25.54	7872	1.5	7871.44	2.55082	7872.08	1.49786	7871.68	2.11581	7871.79	2.10442
1512477602706	25.54	7871.67	1.73205	7871.36	2.09921	7871.92	1.60528	7871.6	1.82574	7872.13	2.06974
1512477603757	25.54	7871.22	1.92209	7871.24	1.73877	7871.46	1.71345	7871.2	1.73205	7871.56	2.01742
1512477604801	25.54	7871.89	1.76383	7871.8	2.27303	7872	1.47196	7871.88	2.08806	7872.28	2.17625
1512477605831	25.55	7871.56	1.33333	7871.6	1.65831	7871.62	1.19293	7871.64	1.62993	7871.83	1.87735
1512477606874	25.54	7874.11	1.83333	7873.08	2.25315	7874	1.58114	7873.36	2.01825	7872.54	1.92283
1512477607897	25.54	7872.89	1.36423	7871.72	1.98997	7872.69	1.18213	7872	1.82574	7871.62	1.856
1512477608990	25.55	7872.44	2.4037	7871.92	2.44813	7872.85	2.51151	7872.08	2.32594	7872.18	2.15301
1512477610002	25.55	7870.11	0.927961	7870.4	1.47196	7870.23	1.23517	7870.32	1.37598	7870.78	1.95445
1512477611025	25.54	7869.33	1.73205	7869.68	2.05589	7869.69	1.75046	7869.84	1.88591	7870.12	1.92166
1512477612081	25.55	7870.33	2.5	7870.6	2.34521	7870.54	2.10616	7870.6	2.27303	7870.49	2.04155
1512477613123	25.54	7871.67	2.12132	7871.2	2.29129	7871.62	2.10311	7871.36	2.27083	7871.2	2.17049
1512477614128	25.54	7871	1.65831	7870.84	2.21133	7871.08	1.65638	7871.08	1.89121	7870.87	2.06974
1512477615177	25.54	7869.67	1	7869.28	2.20832	7869.38	1.44559	7869.32	1.8421	7869.67	1.92405
1512477616268	25.53	7870.78	1.56347	7870.8	1.97906	7870.85	1.28103	7870.76	1.78606	7870.74	1.95396
1512477617316	25.55	7871.11	1.76383	7871.52	2.25684	7871.46	1.61325	7871.4	2.19848	7871.61	1.9633
1512477618319	25.54	7869.44	1.66667	7870.2	2.17945	7869.77	1.5359	7869.92	2.30796	7870.7	2.14593
1512477619344	25.54	7868.11	2.14735	7868.24	2.24128	7868.46	1.89804	7868.48	2.10396	7869.45	2.18145
1512477620386	25.55	7870.56	2.00693	7869.6	2.27303	7870.54	1.76141	7869.72	2.05183	7869.66	2.098
1512477621412	25.54	7869.67	2.12132	7869.12	2.40347	7869.85	2.1543	7869.12	2.3331	7869.18	2.17946
1512477622421	25.55	7868.33	1.5	7868.32	2.05589	7868.46	1.33012	7868.24	1.85472	7868.47	2.15546
1512477623556	25.55	7868.33	2	7868.4	2.58199	7868.85	2.19265	7868.4	2.44949	7868.82	2.39428
1512477624587	25.53	7870	1.32288	7869.84	1.59896	7870.08	1.18754	7869.64	1.72916	7869.69	1.88879
1512477625639	25.55	7869.89	2.08833	7869.56	2.32881	7870.08	1.801	7869.44	2.2561	7869.96	2.16115
1512477626699	25.55	7868.33	1.5	7868.44	2.04287	7868.69	1.37747	7868.4	2.08167	7868.43	1.93017
1512477627792	25.55	7867.56	1.87824	7867.2	2.17945	7867.38	1.89466	7867.28	2.26421	7867.58	2.17108
1512477628836	25.56	7868.56	2.45515	7868.28	2.47521	7868.31	2.32324	7868.24	2.38537	7867.81	2.1229
1512477629943	25.56	7868.11	1.69148	7868.16	1.88591	7868	1.63299	7868.16	1.67531	7868.25	1.89649
1512477630980	25.55	7869.78	1.39443	7869	1.91485	7869.54	1.39137	7869.04	1.79072	7868.41	2.08749
1512477632027	25.55	7869.67	1.41421	7868.84	2.52784	7869.46	1.39137	7869	2.32737	7868.7	2.08687
1512477633044	25.55	7868.67	1.11803	7868	2.34521	7868.54	1.19829	7868.36	2.19621	7868.58	2.14695
1512477634071	25.55	7869.33	1.87083	7868.84	2.64071	7869.15	1.77229	7869.04	2.47454	7868.97	2.24978
1512477635192	25.54	7869.67	1.41421	7869.08	2.23458	7869.54	1.45002	7869.4	2.04124	7869.62	2.41051
1512477636277	25.55	7869.67	1.41421	7869.08	2.23458	7869.54	1.45002	7869.4	2.04124	7869.62	2.41051
1512477637383	25.55	7869.67	1.41421	7869.08	2.23458	7869.54	1.45002	7869.4	2.04124	7869.62	2.41051
1512477641078	25.37	7852.78	1.85592	7851.48	2.2383	7852.31	2.17503	7851.52	2.4173	7849.96	2.36695
1512477642164	25.42	7838	1.5	7838.32	1.67631	7838.08	1.49786	7838.4	1.70783	7837.81	2.25221
1512477643191	25.44	7836.33	1.22474	7836.68	1.10755	7836.54	1.1266	7836.48	1.35769	7836.14	2.04025
1512477644243	25.45	7839	2.34521	7838.68	2.09603	7838.92	2.2532	7838.48	2.29347	7837.34	2.12308
1512477645315	25.47	7838	1.87083	7838	1.70783	7838.08	1.70595	7837.8	1.91485	7837.31	1.94583
1512477646381	25.49	7840	2.34521	7839.72	2.0108	7840.31	2.13638	7839.76	1.92094	7839.25	1.83223
1512477647476	25.51	7840.89	2.848	7841.48	2.20076	7841.38	2.59931	7841.56	2.34663	7841.17	2.17629
1512477648547	25.53	7842.67	1.22474	7842.68	1.79629	7842.85	1.62512	7842.72	1.64621	7842.12	2.14939
1512477649715	25.53	7845.56	2.60342	7845.4	2.36291	7845.69	2.59437	7845.44	2.46779	7844.82	2.17707
1512477650739	25.55	7846.44	1.23603	7846.8	1.60728	7846.85	1.46322	7846.72	1.74452	7846.02	1.94046
1512477651764	25.56	7847.56	2.06828	7847.64	2.13854	7847.46	1.85362	7847.36	2.25241	7846.93	2.2091
1512477652801	25.58	7847.11	2.02759	7846.96	2.0306	7847.08	1.84669	7846.88	2.10792	7846.4	2.14121
1512477653843	25.58	7846.56	2.18581	7846.4	2.12132	7846.77	2.20431	7846.56	2.12289	7845.96	2.08625
1512477654929	25.59	7847.22	2.33333	7847.16	2.0347	7847.31	2.32324	7847.12	2.1276	7846.36	2.18462
1512477655954	25.59	7847.56	2.24227	7847.92	1.70587	7847.62	1.89466	7847.72	1.92614	7847.72	2.11504
1512477656994	25.61	7847.78	2.58736	7847.8	2.08167	7848	2.3094	7847.56	2.14243	7847.08	1.98782
1512477658006	25.61	7848.44	2.4037	7848	1.82574	7848.38	1.98068	7848	1.97906	7847.23	2.15538
1512477659031	25.62	7846.44	2.18581	7846.36	1.89033	7846.62	1.85016	7846.48	2.06398	7845.91	2.22243
1512477660082	25.63	7845.56	1.50923	7845.08	1.95619	7845.62	1.44559	7845.28	1.94765	7845.33	2.04478
1512477661083	25.62	7846.56	2.24227	7846.24	2.00582	7846.85	1.99358	7846.28	2.05183	7845.37	2.05794
1512477662109	25.64	7844.89	1.16667	7844.72	1.56844	7845.08	1.38212	7844.76	1.42244	7845	2.17945
1512477663168	25.63	7842.78	1.64148	7842.96	2.15019	7843.08	2.36155	7843.04	2.24499	7843.59	2.35481
1512477664211	25.63	7844.22	1.56347	7844.56	2.00167	7844.77	1.87767	7844.24	2.00582	7844.29	2.2474
1512477665229	25.65	7842	1.5	7842.52	1.80555	7842.46	1.56074	7842.24	1.78606	7842.28	2.3109
1512477666236	25.64	7841.56	2.4037	7840.96	2.40624	7841.54	2.56955	7840.8	2.5	7840.5	2.46036
1512477667359	25.64	7841.11	2.02759	7841.2	1.77951	7841.23	1.73944	7840.76	1.69017	7840.78	2.22774
1512477668376	25.65	7840.22	2.16667	7840.04	1.88149	7840.46	1.85362	7840.08	2.1	7840.31	2.29692
1512477669428	25.65	7839	2	7839.36	1.95533	7839.23	1.87767	7839.08	2.03961	7838.87	2.23579
1512477670452	25.64	7838.11	2.14735	7838.8	1.82574	7838.54	1.89804	7838.56	1.89473	7838.92	2.2382
1512477671454	25.64	7837.33	2.39792	7837.8	1.87083	7837.54	2.02548	7837.44	1.93821	7837.68	2.17912
1512477672504	25.64	7837.67	2.44949	7837.76	1.87705	7837.92	2.10006	7837.52	1.93907	7837.13	2.15602
1512477673521	25.63	7836.44	2.12786	7836.72	1.79165	7836.77	1.92154	7836.64	1.95533	7836.65	2.1603
1512477674553	25.63	7835.56	1.66667	7835.24	1.64012	7835.46	1.56074	7835.2	1.65831	7834.73	2.26613
1512477675580	25.64	7834.89	2.14735	7835.04	1.67033	7835	1.91485	7834.96	1.7195	7835.24	2.358
1512477676581	25.63	7832.89	1.69148	7833	1.65831	7833	1.58114	7832.88	1.9218	7833.2	2.37951
1512477677643	25.64	7832.78	2.43812	7832.76	2.20378	7832.85	2.33973	7832.52	2.31157	7832.27	2.64028
1512477678763	25.63	7833.33	1.80278	7832.72	2.44131	7833.38	2.10311	7832.8	2.43242	7832.21	2.28934
1512477679850	25.64	7832.33	1.93649	7832.44	1.85023	7832.54	1.98391	7832.32	1.99416	7831.9	1.95673
1512477680913	25.63	7830.22	1.48137	7830.64	1.57797	7830.54	1.6641	7830.48	1.93907	7830.88	2.28931
1512477681939	25.64	7831.89	1.16667	7831.64	1.38082	7832.08	1.38212	7831.44	1.60935	7831.09	2.12907
1512477682967	25.64	7831.11	1.83333	7830.96	1.67033	7831.23	1.92154	7830.92	1.84662	7830.24	2.33135
1512477684043	25.63	7831.22	1.7873	7830.72	1.79165	7831.23	1.96443	7830.56	1.98074	7830.15	2.31463
1512477685063	25.63	7830.78	1.92209	7830.16	1.72434	7830.62	1.7097	7830.04	1.79072	7829.54	2.23592
1512477686170	25.63	7830.33	2.12132	7829.8	1.95789	7830.08	2.06	7829.72	2.13151	7829.32	2.18194
1512477687195	25.62	7830	2.59808	7829.84	2.46103	7830.08	2.39658	7829.64	2.61215	7829.31	2.36879
1512477688319	25.62	7828.89	1.90029	7828.32	2.26789	7828.92	2.01914	7828.08	2.30796	7828.31	2.44027
1512477689324	25.61	7828.22	2.22361	7827.64	2.13854	7828.08	2.10006	7827.28	2.20832	7826.91	2.08104
1512477690371	25.61	7829	1.80278	7828.2	1.91485	7828.92	1.65638	7828	1.95789	7828.1	2.00147
1512477691425	25.62	7826.33	2.5	7825.84	2.09523	7826.31	2.32324	7825.64	2.13854	7826.1	2.34868
1512477692505	25.62	7824.44	1.87824	7824.52	1.71075	7824.69	1.75046	7824.36	1.68028	7824.73	2.21553
1512477693509	25.61	7824.33	2.17945	7823.56	1.95959	7824.08	1.89128	7823.28	2.17025	7823.35	2.02039
1512477694517	25.61	7824.44	2.12786	7823.76	1.94251	7824.23	2.16617	7823.64	1.97653	7823.91	2.15822
1512477695543	25.61	7826.11	2.52212	7825.24	2.20378	7825.77	2.38586	7825.12	2.3331	7825.09	2.17505
1512477696570	25.61	7825.33	2.34521	7825.04	2.07123	7825.31	2.17503	7824.8	2.08167	7824.3	2.29648
1512477697680	25.61	7824.22	1.92209	7824.12	1.71561	7824.23	1.64083	7823.68	1.8868	7822.99	2.22202
1512477698716	25.59	7822.67	2.06155	7822.8	2.08167	7822.62	1.89466	7822.4	2.17945	7822.18	2.31914
1512477699776	25.58	7823.44	1.66667	7823.24	1.73877	7823.69	1.6525	7823.12	1.69115	7823.36	2.18018
1512477700786	25.59	7824.11	1.96497	7824	2.27303	7824.23	1.73944	7823.6	2.48328	7823.11	2.27474
1512477701897	25.59	7824.33	1.80278	7824.04	2.18861	7824.15	1.86396	7823.48	2.53509	7822.6	2.12902
1512477702934	25.58	7822.89	1.90029	7822.84	1.99332	7822.85	1.77229	7822.36	2.36079	7821.92	2.19829
1512477703979	25.59	7822	1.41421	7821.76	1.73877	7822.15	1.51911	7821.56	1.85023	7821.75	2.23206
1512477705017	25.58	7821.89	2.31541	7821.6	2.17945	7821.85	2.0755	7821.44	2.21886	7821.35	2.39579
1512477706180	25.58	7821.89	2.36878	7822.28	2.30072	7821.92	2.13937	7822	2.3094	7822.24	2.57952
1512477707255	25.57	7824	2.23607	7823.88	1.94336	7824.08	2.2532	7823.76	2.1848	7824.19	2.37092
1512477708262	25.57	7822.22	1.92209	7822.52	2.0232	7822.46	2.18386	7822.48	2.20076	7822.84	2.22909
1512477709296	25.58	7823.33	1.87083	7822.88	1.66633	7823.38	1.85016	7823.08	2.01908	7822.11	2.42676
1512477710313	25.57	7821.89	2.26078	7821.76	2.04695	7821.69	2.05688	7821.56	2.12289	7821.25	2.38273
1512477711339	25.57	7820.78	2.04803	7820.96	1.74356	7820.85	1.77229	7820.92	2.05994	7820.52	2.16288
1512477712420	25.56	7820.44	1.94365	7820	2.23607	7820.23	2.08782	7820	2.41523	7819.94	2.09957
1512477713519	25.56	7820.33	2.12132	7820.48	1.96044	7820.15	1.90815	7820.24	2.16564	7820.01	2.06028
1512477714524	25.56	7822.56	2.83333	7822.08	2.1587	7822.69	2.56205	7821.96	2.40624	7820.86	2.42944
1512477715619	25.57	7820.11	1.96497	7819.76	1.83212	7819.92	1.75412	7819.64	2.27083	7819.65	2.25894
1512477716633	25.55	7821.67	2.39792	7821	2.02073	7821.54	2.18386	7821.04	1.98914	7820.07	2.15073
1512477717658	25.56	7820.33	1.58114	7819.88	1.50886	7820.23	1.64083	7819.68	1.79629	7818.62	2.15951
1512477718748	25.56	7818.33	1.11803	7817.88	1.87794	7818.46	1.8081	7817.76	2.02649	7818.09	2.50242
1512477719903	25.56	7820.67	2.06155	7820.76	2.0672	7820.92	2.28989	7820.4	2.12132	7819.93	2.11515
1512477720937	25.56	7819.44	2.35112	7819.4	2	7819.46	2.29548	7819.04	1.96808	7819.48	2.47086
1512477721938	25.55	7819.56	2.18581	7819.16	2.19241	7819.46	2.60177	7819	2.16025	7818.38	2.2792
1512477722963	25.56	7820	2.23607	7820.12	2.00666	7820.15	2.23033	7819.88	1.94336	7818.55	2.30464
1512477724014	25.56	7819	1.73205	7819.4	1.89297	7819.38	2.02231	7819.32	1.79629	7818.24	2.18846
1512477725041	25.56	7819.33	1.73205	7819.96	1.88149	7819.92	1.84669	7819.8	2.08167	7818.45	2.33607
1512477726172	25.55	7818.67	1.5	7819.16	2.15407	7819.31	2.21302	7819	2.29129	7818.93	2.52294
1512477727176	25.56	7820.22	2.22361	7820.72	2.35443	7820.85	2.23033	7820.52	2.32952	7820.26	2.12074
1512477728206	25.55	7819.22	1.7873	7819.36	2.11896	7819.77	2.12736	7819.24	2.29637	7819.03	2.02185
1512477729259	25.55	7819.67	2.06155	7820	1.89297	7820.08	2.01914	7819.64	1.86815	7818.96	2.34928
1512477730304	25.55	7819.89	1.61589	7819.68	1.95192	7820	1.82574	7819.44	1.89473	7818.64	2.02887
1512477731320	25.56	7819.56	2.06828	7819.8	1.84842	7819.85	2.19265	7819.6	1.97906	7819.2	2.22102
1512477732355	25.55	7816.78	1.92209	7817.28	1.94765	7817.08	1.84669	7817.04	1.96808	7816.8	2.30841
1512477733487	25.54	7817.44	1.94365	7817.64	2.13854	7817.69	2.09701	7817.32	2.15484	7817.4	2.4265
1512477734589	25.55	7818.33	2.29129	7818.8	1.87083	7818.69	2.32324	7818.84	2.01412	7818.69	2.24461
1512477735618	25.55	7818	2.12132	7818.04	1.79072	7818.08	1.84669	7817.84	1.92959	7817.91	2.24711
1512477736663	25.55	7819	2.44949	7818.64	2.05913	7818.77	2.12736	7818.2	2.10159	7817.89	2.49449
1512477737698	25.55	7817.67	1.80278	7818.16	1.86369	7818.15	1.95133	7817.6	1.84842	7817.89	2.22523
1512477738744	25.55	7819.78	2.22361	7819.44	2.02237	7819.77	2.16617	7819	2.32737	7818.81	2.069
1512477739906	25.54	7817.33	2.06155	7817.48	1.8735	7817.62	2.06311	7817.2	2.08167	7817.15	2.31463
1512477740973	25.55	7818.33	2.23607	7818.4	2.16025	7818.77	2.20431	7818.52	2.10396	7817.7	2.01319
1512477742055	25.56	7817	1.80278	7817.28	1.81475	7817.31	2.05688	7817.16	1.95107	7816.39	2.03082
1512477743082	25.56	7816.44	1.81046	7817.04	1.92527	7816.85	1.95133	7816.92	1.99833	7816.06	2.23287
1512477744092	25.55	7817.56	2.29734	7817.84	1.97231	7817.77	2.12736	7817.52	1.91746	7817.29	2.46618
1512477745120	25.56	7819	1.58114	7819.4	1.75594	7819.08	1.5525	7818.76	1.87705	7817.65	2.33156
1512477746144	25.56	7817.67	2.54951	7818.4	2.39792	7818.38	2.46774	7818.08	2.61279	7817.47	2.41742
1512477747204	25.56	7816.67	2.54951	7816.92	1.99833	7816.77	2.12736	7816.64	2.19621	7816.12	2.29017
1512477748263	25.57	7817	2.12132	7816.88	2.00666	7817.23	2.04751	7816.88	2.06801	7816.92	2.28066
1512477749291	25.56	7813.89	2.02759	7813.84	1.86369	7813.92	1.801	7813.68	1.8868	7813.44	2.30891
1512477750305	25.56	7815.22	2.27913	7814.96	2.05102	7815.46	2.02548	7814.92	2.1587	7814.13	2.20853
1512477751365	25.56	7815.56	1.94365	7815.2	2.19848	7815.46	1.94145	7815.12	2.18556	7814.89	2.33797
1512477752392	25.56	7817	2.34521	7816.4	2.27303	7817	2.38048	7816.44	2.2561	7815.09	2.28389
1512477753438	25.57	7815.22	2.33333	7814.8	2.39792	7815.15	2.30384	7814.72	2.42418	7814.34	2.26742
1512477754462	25.57	7813.89	1.90029	7814.4	1.68325	7814.23	1.7867	7814.16	1.79536	7814.55	2.42575
1512477755573	25.57	7814.22	1.7873	7814.68	2.05589	7814.54	1.61325	7814.36	1.9975	7814.26	2.31283
1512477756609	25.56	7812.89	1.90029	7813.48	2.16256	7813.23	1.7867	7813.12	2.16641	7812.82	2.27991
1512477757622	25.56	7815.44	2.12786	7815.88	2.22336	7816	2.19848	7815.72	2.18937	7814.41	2.38358
1512477758636	25.55	7817.67	2.12132	7817.72	1.96893	7818	2.27303	7817.52	2.04369	7816.49	2.41549
1512477759684	25.55	7817.33	2.29129	7817.28	2.18937	7817.23	2.08782	7816.88	2.31517	7815.52	2.46871
1512477760700	25.55	7817.33	2.5	7817.88	2.31517	7817.46	2.22169	7817.44	2.2	7816.56	2.27468
1512477761774	25.55	7818.67	3.16228	7818.2	2.51661	7818.54	2.66506	7817.8	2.5658	7816.88	2.42493
1512477762883	25.55	7817.89	3.10018	7817.48	2.63186	7817.92	2.62874	7817.2	2.62996	7816.24	2.14762
1512477763903	25.54	7818.44	2.29734	7818.2	2.23607	7818.92	2.28989	7818	2.23607	7816.78	2.34678
1512477764928	25.54	7818.78	2.22361	7818.6	2.21736	7819.08	2.13937	7818.24	2.1848	7817.16	2.20952
1512477766121	25.54	7817.44	2.06828	7817.68	2.39305	7818	2.3094	7817.36	2.32522	7817.06	2.14133
1512477767181	25.54	7817.44	1.50923	7817.6	1.87083	7817.77	1.7867	7817.32	1.70098	7816.85	1.98947
1512477768209	25.55	7816.78	1.56347	7817.4	1.70783	7817.15	1.62512	7817.04	1.56738	7816.37	2.09026
1512477769272	25.55	7816.11	0.927961	7816	1.68325	7816.46	1.1266	7815.8	1.77951	7815.03	2.21132
1512477770372	25.54	7815.22	2.16667	7815.68	2.47857	7815.92	2.28989	7815.4	2.43242	7814.91	1.98628
1512477771398	25.55	7816.89	2.71314	7816.96	2.77609	7817.23	2.45472	7816.68	2.65707	7815.51	2.18451
1512477772494	25.54	7817.78	2.16667	7817.12	2.20454	7817.62	1.89466	7816.72	2.24574	7816.2	2.18794
1512477773503	25.54	7816.33	2.73861	7816.52	2.46847	7816.69	2.46254	7816.12	2.40347	7816.63	2.36608
1512477774597	25.54	7816.78	2.3863	7817	2.14087	7817.08	2.21591	7816.48	2.27523	7816.5	2.29384
1512477775642	25.54	7816.56	2.60342	7816.36	2.498	7816.69	2.68901	7816.12	2.42074	7815.46	2.18417
1512477776668	25.54	7816.33	1.73205	7816.32	1.8421	7816.69	1.79743	7816.32	1.93046	7816.01	2.10156
1512477777711	25.53	7817.22	1.7873	7817.16	1.772	7817.15	1.90815	7816.84	1.88591	7815.88	2.2558
1512477778821	25.55	7817.22	2.58736	7817	2.48328	7817.31	2.71982	7816.8	2.51661	7815.52	2.22695
1512477779847	25.54	7818	1.87083	7817.72	2.30072	7818	2.54951	7817.44	2.31084	7816.67	2.28495
1512477780873	25.55	7818.11	2.02759	7817.6	2.39792	7818.31	2.28709	7817.52	2.36502	7816.54	2.33394
1512477781898	25.53	7815.44	2.4037	7816.76	2.91947	7816	2.54951	7816.32	2.89713	7816.38	2.70573
1512477782992	25.54	7815.89	1.90029	7816.72	2.28254	7816.31	2.13638	7816.4	2.14087	7816.36	2.13918
1512477784047	25.53	7815.33	1.80278	7815.24	2.12681	7815.62	2.53438	7814.8	2.39792	7814.99	2.3026
1512477785089	25.54	7815.33	1.73205	7815.16	1.92959	7815.38	2.10311	7814.76	2.10713	7814.66	2.08805
1512477786111	25.54	7813.67	1.32288	7814.28	1.94765	7814.23	2.04751	7814.08	1.97737	7814.49	2.11916
1512477787174	25.54	7814.33	1.41421	7814.92	1.89121	7815.08	2.06	7814.92	2.01908	7814.64	2.08992
1512477788200	25.54	7816.44	1.94365	7816.88	1.78699	7817.15	2.03495	7816.88	1.85562	7815.28	2.18767
1512477789302	25.52	7815.33	1.93649	7815.92	2.01908	7816	2.3094	7815.84	2.07525	7815.44	2.02016
1512477790339	25.53	7815.33	2.34521	7816.12	2.20454	7815.85	2.26738	7815.72	2.26421	7815.81	2.35618
1512477791403	25.52	7818.22	1.30171	7818.08	2.44813	7818.46	2.10616	7818.08	2.43105	7817.32	2.29138
1512477792411	25.53	7815.89	1.45297	7816.28	1.81475	7816.38	1.85016	7816.04	1.98914	7815.6	2.02906
1512477793421	25.53	7815.89	1.90029	7816.96	2.24499	7816.62	2.2188	7816.72	2.17025	7815.85	2.21022
1512477794463	25.52	7816.44	2.06828	7816.84	1.95107	7816.92	2.06	7816.48	2.0025	7815.48	2.21757
1512477795574	25.52	7816	2.17945	7816.84	2.2487	7816.62	2.14237	7816.6	2.41523	7816.07	2.11515
1512477796646	25.53	7816.89	1.61589	7817.32	2.09603	7817.54	1.8081	7817.28	2.13151	7816.7	2.20625
1512477797657	25.53	7815.44	2.12786	7815.84	2.09523	7816	2.34521	7815.64	2.19621	7815.61	2.1236
1512477798684	25.52	7815	2.06155	7814.92	2.25315	7815.08	2.01914	7814.8	2.32737	7814.68	2.26164
1512477799704	25.54	7816.89	2.36878	7816.56	2.10317	7816.69	2.25036	7816.32	2.19317	7815.7	2.13426
1512477800713	25.52	7816.22	2.48886	7816.6	2.38048	7816.23	2.45472	7816.4	2.36291	7816.13	2.1536
1512477801739	25.53	7815.22	1.71594	7816.08	1.91311	7815.62	1.85016	7815.88	1.9218	7815.54	1.99995
1512477802741	25.53	7816.22	2.43812	7816.28	2.09205	7816.31	2.32324	7815.96	2.07123	7815.41	2.14432
1512477803762	25.53	7816.22	2.10819	7816	2.17945	7816.23	2.16617	7815.72	2.45832	7815.17	1.99656
1512477804913	25.52	7815	1.5	7815.08	1.80093	7815.23	1.73944	7815.04	2.11108	7814.12	2.08294
1512477805992	25.54	7813.44	2.12786	7813.4	2.04124	7813.69	1.93152	7813.28	2.26421	7813.21	2.02368
1512477807159	25.53	7813.78	2.04803	7814.48	1.96044	7814.23	2.0064	7814.2	1.91485	7813.67	2.01613
1512477808282	25.53	7813.89	2.66667	7814.4	2.34521	7814.08	2.39658	7813.84	2.37487	7813.39	2.42392
1512477809395	25.54	7813.56	2.00693	7813.4	1.84842	7813.62	1.7097	7813.24	1.87705	7812.49	2.07946
1512477810442	25.54	7813.78	1.7873	7814.04	1.7195	7813.85	1.72463	7813.64	1.75309	7813.55	2.19111
1512477811527	25.53	7813.33	2.17945	7813.72	2.28254	7813.23	2.0064	7813.12	2.42074	7813.22	2.19305
1512477812565	25.54	7814.22	2.94863	7814.64	2.58005	7814.23	2.55453	7814.28	2.83608	7813.75	2.27367
1512477813691	25.53	7814	3.08221	7814.56	2.10317	7814.23	2.58695	7814.12	2.42074	7813.77	2.20145
1512477814817	25.53	7814.56	2.60342	7814.56	2.34663	7814.54	2.60177	7814.64	2.72152	7814.03	2.36711
1512477816014	25.54	7813.11	2.36878	7813.24	1.89912	7812.85	2.0755	7813.08	2.08006	7813.64	2.38114
1512477817115	25.53	7812.56	2.12786	7812.6	1.87083	7812.38	2.06311	7812.28	2.11187	7812.53	2.19859
1512477818138	25.53	7812.78	2.53859	7813.52	2.12368	7813.08	2.46514	7813.28	2.30072	7813.44	2.24254
1512477819148	25.53	7812.33	2.34521	7813.36	2.2151	7812.77	2.31495	7813.04	2.13073	7813.09	2.11579
1512477820174	25.53	7813.67	1.58114	7813.6	1.82574	7813.77	1.92154	7813.44	1.75784	7813.03	2.13333
1512477821394	25.53	7813.33	2.06155	7813.28	1.86011	7813.46	1.8081	7813.04	1.88149	7812.84	2.15786
1512477822478	25.53	7814	2.06155	7814.16	2.21133	7814	2.12132	7813.76	2.29637	7813.39	2.21484
1512477823501	25.54	7813.33	1.93649	7813.4	2.04124	7813.23	1.73944	7812.92	2.11975	7812.73	2.15112
1512477824528	25.54	7814.11	1.96497	7814.56	2.04287	7814.38	2.36426	7814.28	2.17025	7813.94	2.45082
1512477825573	25.53	7813.22	1.71594	7814.04	1.7195	7813.54	1.71345	7813.56	2.04287	7813.53	2.27993
1512477826600	25.53	7814.22	1.64148	7814.24	1.83212	7814.23	1.73944	7814.04	1.81384	7813.87	2.19433
1512477827610	25.53	7813.89	2.02759	7814.36	1.75309	7814.15	1.77229	7814.2	2.02073	7814.04	2.23926
1512477828665	25.52	7814	2.17945	7814.6	2.23607	7814.31	2.05688	7814.4	2.34521	7814.18	2.01124
1512477829670	25.53	7813.89	2.14735	7814.36	2.13854	7814.15	2.0755	7813.96	2.28181	7813.94	2.14618
1512477830778	25.52	7814.67	1.87083	7814.36	1.97653	7814.69	1.97419	7814.08	2.19697	7813.48	2.0968
1512477831798	25.53	7813	1.58114	7813.88	1.9218	7813.46	1.71345	7813.32	1.8421	7813.64	2.24143
1512477832937	25.52	7813.22	1.64148	7813.52	1.5843	7813.46	1.5064	7813.04	1.90351	7812.82	2.23142
1512477833979	25.53	7813.33	1.87083	7814.16	1.74833	7814	1.87083	7813.96	2.00998	7813.61	2.31399
1512477835050	25.52	7812.78	1.92209	7813.88	2.26053	7813.38	1.98068	7813.52	2.36502	7812.88	2.2503
1512477836126	25.52	7813.56	1.424	7814.32	1.57374	7814	1.58114	7813.92	1.77764	7812.92	2.18025
1512477837153	25.52	7814.89	1.96497	7815.4	2.12132	7815.23	2.0064	7815.16	2.44404	7814.3	2.17007
1512477838261	25.53	7813.22	1.71594	7813.2	2.10159	7813.23	2.04751	7813.12	2.35089	7812.46	2.18894
1512477839335	25.54	7811.22	1.71594	7811.88	2.10792	7811.69	1.88788	7811.56	2.10317	7812.13	2.16478
1512477840345	25.54	7813.56	2.24227	7813.4	2.06155	7813.31	2.13638	7813	2.23607	7812.44	2.09593
1512477841371	25.53	7814	1.41421	7814.56	2.06317	7814.31	1.37747	7814.24	1.76257	7813.61	2.3517
1512477842421	25.53	7812.78	1.39443	7812.96	1.42829	7813	1.35401	7812.8	1.44338	7812.19	2.04797
1512477843422	25.52	7813.22	1.48137	7812.96	1.81384	7813.15	1.62512	7812.64	1.95533	7811.75	2.12201
1512477844447	25.53	7812.22	1.56347	7812.48	1.71075	7812.46	1.61325	7812.2	1.93649	7811.56	2.14277
1512477845482	25.54	7810.89	2.02759	7810.72	1.67133	7810.85	1.86396	7810.36	1.91224	7810.12	2.01848
1512477846510	25.53	7810.78	1.56347	7810.8	1.97906	7810.85	1.77229	7810.64	2.01825	7810.25	2.03109
1512477847524	25.53	7810.33	1.5	7810.68	1.77294	7810.23	1.42325	7810.2	1.65831	7810.13	2.21088
1512477848576	25.52	7810.78	2.10819	7811.52	2.46847	7811.15	2.67227	7811.32	2.62552	7810.73	2.14572
1512477849591	25.52	7812	2.17945	7812.56	2.06317	7812.23	2.27866	7812.08	2.13931	7811.56	2.31553
1512477850601	25.53	7810.78	2.63523	7811.44	2.5671	7811.15	2.73393	7810.92	2.49867	7810.87	2.29185

