Timetstamp	FPA	Aux	C9	Sigma	C25	Sigma	D13	Sigma	D25	Sigma	R8	Sigma
1512405038728	18.69	7924.56	1.94365	7924.88	1.85562	7924.62	1.85016	7924.56	1.82757	7925.4	2.60656
1512405039765	18.71	8013.67	1.41421	8013.92	1.63095	8013.69	1.75046	8013.96	1.59374	8014.04	1.85639
1512405040989	18.69	8015.89	2.848	8016.68	2.07605	8016.23	2.48843	8016.36	2.11896	8015.69	1.94635
1512405042049	18.69	8023.78	2.10819	8022.92	2.62869	8023.62	2.75495	8023.04	2.541	8021.69	2.17342
1512405043075	18.69	8026.33	1.22474	8025.88	1.39403	8026.15	1.06819	8025.88	1.33292	8026.49	2.23166
1512405044214	18.71	8028.89	1.61589	8028.76	1.66533	8029	1.87083	8028.64	1.68028	8028.93	2.40889
1512405045240	18.72	8038.44	2.24227	8038.28	2.33666	8038.23	1.92154	8038.12	2.26053	8037.61	1.9815
1512405046265	18.72	8040.22	2.3863	8041.44	2.21886	8040.54	2.10616	8041.16	2.26716	8042.12	2.30292
1512405047291	18.73	8045.78	3.03223	8046.16	2.46103	8045.85	2.88231	8045.96	2.63755	8046.6	2.11921
1512405048317	18.74	8047.33	1.80278	8047.32	1.81934	8047.08	1.84669	8047.12	2.00666	8046.94	1.9848
1512405049352	18.74	8049.11	1.69148	8049.36	1.52425	8049.38	1.7097	8049.2	1.77951	8049.07	1.99868
1512405050368	18.75	8053	2.06155	8053.6	2.04124	8053.15	1.77229	8053.4	2.04124	8053.03	2.09771
1512405051379	18.76	8053.78	1.71594	8053.4	1.65831	8053.38	1.66024	8053.24	1.73877	8053.38	1.87031
Timetstamp	FPA	Aux	C9	Sigma	C25	Sigma	D13	Sigma	D25	Sigma	R8	Sigma
1512405060267	18.88	8056.22	1.30171	8056.4	1.60728	8056.15	1.28103	8056.52	1.96044	8056.3	1.94209
1512405061309	18.89	7992.78	1.92209	7993.52	1.96044	7992.92	2.17798	7993.36	2.03879	7993.75	1.86044
1512405062334	18.88	7995.11	1.61589	7995.16	1.65025	7995.38	1.55662	7995.08	1.89121	7995.98	2.00384
1512405063470	18.88	8002.22	1.85592	8000.6	2.02073	8001.77	1.73944	8000.76	1.83212	8001.6	1.92338
1512405064521	18.88	8007.11	1.76383	8006.44	1.91659	8006.92	1.60528	8006.4	2.02073	8007.56	2.34694
1512405065709	18.87	8013.78	2.10819	8013	1.80278	8013.77	1.83275	8013.24	1.69017	8013.99	2.10777
1512405066733	18.88	8016.89	2.20479	8016.6	2.02073	8016.77	2.08782	8016.56	1.95959	8016.98	1.82995
1512405067735	18.89	8018.78	1.39443	8018.96	1.92527	8018.85	1.86396	8018.96	2.07123	8020.28	2.04238
1512405068748	18.89	8024.56	2.35112	8024.72	2.22711	8024.69	2.3939	8024.48	2.32952	8024.24	1.98897
1512405069771	18.89	8027.56	3.35824	8026.72	2.57423	8027.46	3.04454	8026.8	2.54951	8026.8	2.01365
1512405070881	18.9	8028.89	1.53659	8028.16	1.49108	8028.38	1.7097	8028.04	1.7195	8027.92	1.69662
1512405071927	18.9	8028.11	1.61589	8027.88	1.56312	8028	1.47196	8027.84	1.95107	8028.18	1.99041
1512405073074	18.9	8028.78	1.56347	8028.24	1.42244	8028.62	1.50214	8028.24	1.73877	8028.52	1.82309
1512405074103	18.91	8029.44	1.33333	8029.12	1.50886	8029.54	1.45002	8029.08	1.55242	8029.4	1.64298
1512405075164	18.91	8029.33	1.32288	8029.2	1.47196	8029.54	1.5064	8029.16	1.46287	8029.46	1.60058
1512405076288	18.91	8029.33	1.32288	8029.2	1.47196	8029.54	1.5064	8029.16	1.46287	8029.46	1.60058
1512405077372	18.91	8029.33	1.32288	8029.2	1.47196	8029.54	1.5064	8029.16	1.46287	8029.46	1.60058
1512405080897	18.73	7979.33	1.65831	7978.6	1.87083	7978.92	1.84669	7978.76	1.92094	7978.27	2.22491
1512405081900	18.77	7965.67	3.08221	7965.76	2.35018	7965.62	2.69377	7965.96	2.40624	7965.64	2.10976
1512405082904	18.79	7961.78	2.27913	7961.92	1.77764	7961.85	1.99358	7961.64	1.86815	7961.77	1.8257
1512405083974	18.8	7962.67	1.32288	7962.2	1.82574	7962.46	1.5064	7962.04	1.7195	7961.45	1.5839
1512405085054	18.83	7963.33	2.54951	7962.6	2.16025	7962.85	2.33973	7962.68	2.17409	7962.38	1.90037
1512405086090	18.83	7962.67	1.58114	7962.56	1.63503	7962.38	1.75777	7962.56	1.58325	7962.74	1.7456
1512405087132	18.85	7964	1	7963.24	1.69017	7963.77	1.01274	7963.36	1.65529	7963.54	1.66139
1512405088193	18.85	7965.67	1.73205	7965.8	1.87083	7965.38	1.85016	7965.64	1.91224	7966.21	2.1143
1512405089203	18.87	7969.44	1.23603	7968.32	1.62583	7968.85	1.46322	7968.36	1.49666	7968.28	2.20899
1512405090312	18.88	7968	1.5	7967.6	1.55456	7967.77	1.42325	7967.56	1.68523	7968.05	1.91958
1512405091337	18.89	7968.56	1.33333	7968.56	1.55671	7968.46	1.1266	7968.36	1.49666	7968.07	1.82715
1512405092363	18.89	7968.89	1.96497	7968.84	1.72434	7968.85	1.90815	7968.76	1.69017	7968.19	1.82472
1512405093439	18.91	7968.44	2.24227	7967.56	2.2745	7968	2.23607	7967.56	2.16179	7967.11	1.95189
1512405094458	18.9	7967.33	1.58114	7967.12	1.76352	7967.15	1.3445	7967	1.73205	7967.36	1.86292
1512405095474	18.91	7966.78	1.39443	7966.56	1.70978	7966.46	1.45002	7966.28	1.59478	7967.11	1.98102
1512405096579	18.91	7963	1.87083	7963.52	1.98158	7963.08	1.75412	7963.24	1.71464	7964.26	1.95992
1512405097639	18.92	7963.11	1.61589	7962.88	1.83303	7963.08	1.49786	7963	1.60728	7963.8	1.97711
1512405098663	18.91	7962.44	1.94365	7962.4	1.89297	7962.62	1.66024	7962.48	1.68622	7962.38	1.98876
1512405099668	18.92	7959.56	1.01379	7959.32	1.7253	7959.92	1.03775	7959.44	1.50222	7959.13	1.8743
1512405100683	18.92	7957.22	2.27913	7957.44	2.00167	7957.54	2.02548	7957.36	1.75309	7957.15	1.95781
1512405101708	18.91	7956.67	2.17945	7956.32	1.95192	7956.77	2.04751	7956.32	1.7253	7956.45	1.82813
1512405102711	18.91	7955.22	1.7873	7955.84	1.86369	7955.69	1.70219	7956	1.93649	7956.24	1.99159
1512405103743	18.91	7954.33	1.22474	7954.32	1.95192	7954.15	1.14354	7954.32	2.03552	7954.56	1.99943
1512405104770	18.91	7952.89	0.781736	7952.72	1.56844	7952.85	0.800641	7952.8	1.29099	7953.38	2.05855
1512405105887	18.91	7950	1	7950.08	1.6052	7950	1.29099	7950.2	1.47196	7950.8	1.89917
1512405106951	18.91	7948	1.5	7948.2	1.68325	7947.85	1.40512	7948.24	1.56205	7949.08	1.89274
1512405108024	18.9	7946.22	1.56347	7946.44	2.00167	7945.92	1.49786	7946.24	1.94251	7947.13	1.99804
1512405109036	18.9	7945.33	1.5	7945.88	1.69115	7945.31	1.49358	7945.72	1.67133	7946.33	1.87977
1512405110093	18.89	7944.67	1.32288	7944.44	1.68523	7944.31	1.60128	7944.4	1.60728	7945.21	1.94683
1512405111277	18.89	7943.33	0.866025	7942.84	1.57268	7943.15	1.51911	7943	1.58114	7943.91	2.02266
1512405112291	18.89	7942.44	1.13039	7942.6	1.80278	7942.38	1.55662	7942.68	1.7253	7943.18	1.81718
1512405113325	18.89	7940.44	1.424	7940.52	1.75879	7940.46	1.76141	7940.44	1.63503	7940.72	1.90789
1512405114358	18.88	7939.67	1	7939.64	1.49666	7939.69	1.1094	7939.56	1.44568	7939.48	1.8317
1512405115482	18.88	7935.44	2.00693	7935.68	2.46171	7935.62	2.2188	7935.44	2.23756	7936.65	2.10622
1512405116523	18.87	7934.44	1.50923	7934.44	1.73397	7934.54	1.45002	7934.44	1.63503	7934.75	1.88478
1512405117554	18.86	7934.22	1.64148	7934.04	1.69509	7934.15	1.51911	7934.04	1.59374	7933.89	2.09351
1512405118559	18.86	7932.22	1.71594	7932.28	1.67133	7932	1.52753	7932.16	1.62481	7933.1	2.20549
1512405119711	18.85	7931.67	2	7931.88	1.76352	7931.62	2.06311	7931.92	1.89121	7932.63	2.13007
1512405120851	18.86	7928.78	1.98606	7929.24	1.89912	7929.15	1.77229	7929.52	1.91746	7930.34	2.09552
1512405121879	18.85	7929.11	1.05409	7928.6	1.68325	7929.08	1.03775	7928.92	1.41185	7928.99	1.83709
1512405122889	18.85	7928.11	0.927961	7927.84	1.62481	7928.15	1.14354	7928	1.41421	7928.02	2.04246
1512405123940	18.84	7925.67	1.22474	7926.04	1.90351	7925.92	1.11516	7926	1.68325	7926.9	2.34202
1512405124957	18.83	7925.56	1.66667	7926.4	2.29129	7925.92	1.801	7926.12	2.24202	7926.4	2.1339
1512405126080	18.83	7923.89	1.96497	7923.92	1.84662	7923.92	1.75412	7923.92	1.68127	7924.15	2.06147
1512405127084	18.81	7923.78	1.98606	7923.12	1.94336	7923.54	1.98391	7923.16	1.97231	7923.17	2.01388
1512405128195	18.81	7924.11	2.02759	7923.32	2.03552	7924.15	2.1543	7923.72	2.05183	7923.05	2.08489
1512405129223	18.81	7924	2	7923.96	1.83666	7924.08	1.89128	7923.96	1.81384	7923.41	1.85242
1512405130313	18.8	7922	1.5	7921.8	1.70783	7922.31	1.4367	7921.64	1.68028	7921.61	1.93091
1512405131419	18.79	7920.56	1.66667	7920.72	1.81475	7920.85	1.57301	7920.76	1.66533	7920.96	1.99435
1512405132490	18.79	7920.44	2.06828	7919.8	1.97906	7920.77	1.83275	7920	1.80278	7920.06	1.87813
1512405133536	18.79	7919.11	1.90029	7918.88	1.81016	7919.31	1.60128	7918.92	1.80093	7919.75	2.1318
1512405134627	18.79	7918.78	1.56347	7918.48	1.82848	7918.54	1.39137	7918.44	1.85023	7919.05	2.06342
1512405135658	18.79	7916.89	1.36423	7917.04	1.69509	7917.08	1.25576	7917	1.73205	7917.68	2.02037
1512405136854	18.79	7915.89	1.61589	7915.56	1.95959	7915.69	1.79743	7915.48	2.18174	7915.68	1.94465
1512405137866	18.78	7913.89	1.61589	7914.04	1.6452	7914.15	1.72463	7914.2	1.63299	7914.77	2.01552
1512405138870	18.76	7914.89	1.61589	7914.56	1.89473	7915	1.91485	7914.92	1.75404	7914.94	2.14376
1512405139875	18.76	7914.22	1.7873	7915.08	2.37908	7914.54	1.71345	7914.96	2.33595	7915.17	2.25619
1512405140895	18.76	7915.33	2.29129	7915.68	2.07605	7915.62	2.14237	7915.6	2.02073	7915.5	2.01071
1512405142067	18.75	7912.67	1.73205	7913.44	1.75784	7913.15	1.90815	7913.44	1.80462	7913.9	1.96311
1512405143107	18.76	7911.89	1.45297	7912.32	1.70098	7912	1.29099	7912.16	1.8412	7912.79	2.30456
1512405144134	18.75	7912.56	1.50923	7912.96	1.83666	7912.85	1.77229	7912.88	1.76352	7912.83	1.80185
1512405145146	18.74	7911.33	1.58114	7912	1.73205	7911.38	1.66024	7911.64	1.84572	7912.24	1.9278
1512405146203	18.73	7911.44	1.81046	7911.44	1.73397	7911.31	1.84321	7911.2	1.91485	7911.59	1.87478
1512405147293	18.73	7911.56	1.50923	7911.96	1.7673	7911.85	1.3445	7911.76	1.80924	7912.28	2.06323
1512405148319	18.73	7910.56	1.424	7910.96	1.74356	7911	1.35401	7910.72	1.67133	7911.53	1.94993
1512405149344	18.73	7910.78	1.71594	7910.48	1.98158	7910.92	1.44115	7910.56	1.93821	7910.75	1.92646
1512405150354	18.72	7910.44	2.12786	7910.76	2.5865	7910.69	2.05688	7910.76	2.53772	7910.6	2.24337
1512405151396	18.73	7910.22	1.48137	7910.4	2.17945	7910.46	1.76141	7910.64	2.27083	7910.31	2.11314
1512405152472	18.72	7910.89	2.52212	7910.52	2.43447	7910.85	2.30384	7910.6	2.51661	7910.23	2.15538
1512405153545	18.71	7909.78	2.27913	7909.48	2.20076	7909.85	2.0755	7909.56	2.38188	7909.83	2.06831
1512405154651	18.71	7909.11	2.20479	7909.28	1.88237	7909.31	1.97419	7909.2	2.02073	7909.42	2.15422
1512405155839	18.71	7909.33	1.5	7908.84	1.90788	7909.46	1.71345	7909.12	1.85562	7908.5	2.24101
1512405156853	18.71	7908.44	1.33333	7908.16	1.97231	7908.69	1.25064	7908.24	2.12681	7908.25	2.20565
1512405157878	18.71	7908.33	2.06155	7908.12	2.06801	7908.31	1.70219	7908.56	2.08327	7908.73	2.21734
1512405158901	18.69	7907.44	2.12786	7907.24	1.78606	7907.54	1.8081	7907.6	1.82574	7908.25	1.90744
1512405159963	18.68	7909.11	1.69148	7908.4	1.89297	7909.08	1.49786	7908.44	1.89473	7907.77	1.98165
1512405161001	18.68	7905.67	1.32288	7906.28	1.64621	7905.92	1.44115	7906.24	1.71464	7906.99	2.18658
1512405162006	18.68	7906.33	2.69258	7907	2.21736	7906.62	2.39925	7906.76	2.52124	7907	2.05142
1512405163009	18.67	7905.33	2.59808	7905.56	2.2	7905.38	2.43374	7905.48	2.55147	7906.03	2.11125
1512405164046	18.68	7904.44	2.12786	7904.72	1.79165	7904.54	1.98391	7904.8	1.89297	7905.7	2.06681
1512405165055	18.67	7905.56	2.60342	7905.28	2.17025	7905.54	2.50384	7905.48	2.14321	7905.83	1.92483
1512405166094	18.67	7905	3.31662	7905.24	2.40278	7905.31	2.75029	7905.24	2.40278	7905.85	2.1098
1512405167107	18.67	7903.44	2.35112	7904.2	2	7904.08	2.2532	7904.24	1.92094	7904.92	2.06997
1512405168158	18.66	7907	3.27872	7907.4	2.25462	7907.31	2.83974	7907.16	2.35726	7907.05	2.12068
1512405169223	18.66	7904.89	2.31541	7905.36	1.75309	7905.31	2.09701	7905.24	1.87705	7906.28	2.23011
1512405170233	18.66	7903.67	2.29129	7904	1.87083	7904	2.04124	7904.12	1.85562	7904.73	1.99537
1512405171339	18.66	7905.89	2.57121	7905.84	2.11503	7906.31	2.35884	7905.84	2.2301	7905.51	2.02875
1512405172395	18.66	7904.33	2.12132	7904.4	1.95789	7904.77	2.04751	7904.4	1.97906	7904.09	2.11825
1512405173504	18.65	7904.67	2.44949	7904.08	2.41385	7905.08	2.49872	7904.44	2.2745	7904.33	1.96158
1512405174580	18.66	7904.56	1.5899	7904.96	2.33595	7905.54	2.22169	7905.2	2.51661	7905.14	2.28357
1512405175654	18.64	7901.22	1.98606	7901.44	1.93821	7901.85	2.11527	7901.68	2.09603	7903.48	2.36311
1512405176740	18.65	7906.11	2.20479	7905.88	2.2971	7906.62	2.29269	7906.08	2.13931	7905.46	2.1601
1512405177835	18.64	7904.89	2.42097	7905.12	2.16641	7905.54	2.53691	7905.24	2.12681	7905.07	2.08432
1512405178994	18.64	7905	2	7904.76	1.85472	7905.31	1.88788	7905	1.80278	7905.05	2.04568
1512405180041	18.65	7903.78	2.04803	7904.64	2.11896	7904.69	2.65784	7904.76	2.27816	7905.18	2.03359
1512405181125	18.64	7903.11	1.76383	7903.2	1.68325	7903.54	1.6641	7903.44	1.68523	7903.68	1.93122
1512405182149	18.65	7903	1.22474	7902.8	1.32288	7903.15	1.3445	7902.96	1.33791	7903.09	1.94923
1512405183175	18.64	7900.33	1.93649	7900.92	1.80093	7900.85	1.90815	7901.12	1.78699	7901.64	2.12173
1512405184214	18.64	7900.44	2.50555	7900.72	2.54165	7900.77	2.61896	7900.96	2.45764	7901.08	2.13438
1512405185287	18.64	7902.22	2.72845	7902.44	2.45085	7902.62	2.84425	7902.56	2.38188	7903.05	2.12559
1512405186382	18.64	7902.89	2.42097	7902.44	1.95959	7902.77	2.24179	7902.68	1.95192	7902.83	2.00437
1512405187452	18.65	7901.44	2.651	7901.36	2.05913	7901.69	2.49615	7901.6	2.19848	7901.99	1.97903
1512405188481	18.64	7899.67	2	7899.8	2.08167	7900.08	2.17798	7899.92	2.1587	7900.58	2.13479
1512405189551	18.64	7899.78	1.85592	7900.08	2.25315	7900.31	2.3939	7900.4	2.19848	7900.67	2.27124
1512405190608	18.64	7898.22	1.20185	7898.36	2.01825	7898.69	1.75046	7898.76	1.92094	7899.03	2.15405
1512405191691	18.63	7899.22	0.833333	7899.24	1.42244	7899.54	1.19829	7899.56	1.47422	7899.34	1.86401
1512405192773	18.64	7899.11	1.83333	7899.4	2.32737	7899.85	2.1543	7899.72	2.65393	7900.16	2.4424
1512405193888	18.63	7899.78	2.04803	7900.4	2.41523	7900.62	2.43374	7900.36	2.44745	7900.67	2.22998
1512405194930	18.63	7899.89	2.02759	7899.84	2.13464	7900.23	2.0064	7899.88	2.22336	7900.34	2.06083
1512405195944	18.63	7899.56	1.66667	7900	1.77951	7899.85	1.46322	7900.04	2.11108	7900.23	2.06656
1512405196958	18.63	7898	1.87083	7898.72	2.0108	7898.38	1.93815	7898.64	2.03879	7899.2	1.93531
1512405198106	18.62	7899.67	2.12132	7899.68	1.93046	7900	1.95789	7899.84	1.88591	7900.1	2.07656
1512405199158	18.62	7899.22	2.27913	7900	2	7899.85	2.23033	7900.12	1.96469	7900.57	2.16423
1512405200172	18.62	7900.44	1.66667	7900.88	2.04776	7900.85	1.77229	7900.92	1.99833	7901.13	2.10377
1512405201208	18.62	7900.78	1.56347	7901.12	1.81016	7901.31	1.97419	7901.24	1.73877	7901.2	1.98499
1512405202244	18.62	7900.11	1.2693	7900.08	1.57903	7900.23	1.36344	7900.16	1.46287	7900.43	2.04545
1512405203362	18.61	7899.89	2.14735	7900.24	1.94251	7900.23	1.96443	7900.32	1.8868	7900.22	2.11254
1512405204406	18.6	7900.22	1.48137	7900.48	1.41774	7900.77	1.64083	7900.68	1.46401	7900.5	1.94755
1512405205458	18.61	7899.44	2.12786	7899.8	1.95789	7899.69	1.97419	7899.88	1.96469	7900.24	1.99942
1512405206554	18.61	7898.22	1.71594	7898.2	1.89297	7898.31	1.93152	7898.36	1.93391	7898.99	2.23023
1512405207563	18.6	7897.78	1.20185	7897.68	1.65126	7898.08	1.5525	7897.92	1.73013	7898.9	2.20313
1512405208649	18.6	7898.22	2.33333	7898.08	2.13931	7898.46	2.25889	7898.24	2.16564	7898.52	2.16047
1512405209768	18.6	7897	1.73205	7897.04	1.88149	7897.31	1.60128	7897.2	1.82574	7897.87	2.04443
1512405210770	18.6	7898	1.65831	7897.96	1.83666	7898.31	1.49358	7898.12	2.02731	7898.9	2.3048
1512405211918	18.6	7896.33	1.22474	7897.16	1.95107	7897.08	1.65638	7897.28	2.09205	7898.26	2.02526
1512405212948	18.6	7896.56	1.01379	7896.76	1.66533	7897.15	1.51911	7896.92	1.70587	7897.5	1.90702
1512405213995	18.6	7899.22	1.48137	7898.64	2.17715	7899.62	2.06311	7898.92	2.17792	7899.18	2.13357
1512405215101	18.6	7897.33	1.5	7898.28	2.07204	7898	2	7898.32	2.17409	7899.04	2.17187
1512405216173	18.6	7896.56	1.66667	7897.4	2.12132	7897.46	2.56955	7897.48	2.14321	7898.12	1.98827
1512405217328	18.59	7898	1.58114	7899.48	2.14321	7898.85	2.0755	7899.24	2.02649	7899.24	2.45114
1512405218406	18.59	7898	2.87228	7898	2.23607	7898.31	2.59437	7898	2.19848	7898.06	2.18705
1512405219431	18.59	7897.33	2.29129	7897.48	2.21961	7897.77	2.20431	7897.52	2.29347	7897.92	2.06997
1512405220464	18.59	7898.11	1.53659	7898.56	1.78139	7898.54	1.6641	7898.48	1.71075	7899.57	2.23759
1512405221467	18.59	7897.67	1.41421	7897.64	1.95533	7898.15	1.46322	7897.72	1.98997	7898.7	2.00801
1512405222492	18.59	7896.67	1.73205	7896.76	1.53514	7897.08	1.60528	7896.88	1.61555	7897.32	1.97605
1512405223646	18.59	7895.56	1.74005	7896.2	2.25462	7896	1.63299	7896.28	2.31876	7897.25	2.33916
1512405224671	18.6	7895.11	1.36423	7895.64	1.95533	7895.69	1.60128	7895.88	1.98578	7896.35	2.15547
1512405225808	18.59	7894.89	1.45297	7895.72	2.15097	7895.54	1.89804	7895.88	2.16641	7896.72	2.07581
1512405226848	18.59	7895	1.73205	7895.76	2.27816	7895.54	1.94145	7895.64	2.09921	7896.97	2.06518
1512405227851	18.57	7896.33	1.58114	7896.64	2.09921	7896.69	1.88788	7896.48	2.0025	7897.76	2.00655
1512405229002	18.57	7896.44	1.5899	7897.2	2.16025	7897.08	1.89128	7897.24	2.08726	7898.38	2.15468
1512405230030	18.57	7898.22	1.85592	7898.64	2.01825	7898.54	1.6641	7898.36	1.89033	7898.84	2.21503
1512405231056	18.57	7897.44	1.424	7897.56	1.82757	7897.62	1.38675	7897.6	1.55456	7898.03	2.08275
1512405232142	18.57	7898.78	1.71594	7898.68	2.17409	7899.46	2.14536	7899.04	2.00998	7898.85	2.02065
1512405233300	18.57	7898	2.06155	7897.56	2.41661	7898.23	2.42053	7897.84	2.33952	7897.53	2.13611
1512405234371	18.57	7897.44	1.5899	7897.04	1.98914	7897.31	1.93152	7897.16	1.99332	7897.77	2.08663
1512405235413	18.57	7896.56	1.81046	7896.24	2.08726	7896.08	1.93484	7896.24	2.25979	7897.87	2.46908
1512405236460	18.57	7896.67	1.80278	7896.8	2	7896.69	1.97419	7896.64	2.05913	7897.57	1.9834
1512405237473	18.56	7898.78	1.64148	7899.32	1.99416	7899.31	2.28709	7899.48	2.31157	7899.95	2.10972
1512405238474	18.56	7898.11	1.69148	7898.52	1.89561	7898.54	1.94145	7898.6	1.93649	7899.72	2.10764
1512405239522	18.56	7898.78	1.39443	7898.64	1.68028	7898.92	1.38212	7898.88	1.81016	7899.03	1.98931
1512405240541	18.57	7898.44	1.33333	7898.2	1.73205	7898.69	1.37747	7898.52	1.85113	7898.88	2.10191
1512405241572	18.57	7897.67	2.06155	7897.64	1.8	7897.85	1.99358	7897.76	1.89912	7898.5	1.96088
1512405242610	18.56	7898.33	2.12132	7898.24	1.98494	7898.38	1.98068	7898.32	2.09603	7899.08	2.24615
1512405243635	18.57	7897.22	1.98606	7897.32	1.65126	7897.38	1.89466	7897.32	1.70098	7898.2	2.26513
1512405244715	18.56	7897	1.65831	7897.04	1.74356	7897.38	1.89466	7897.16	2.13464	7898.23	2.40655
1512405245850	18.57	7896.33	2.23607	7896.12	2.20454	7896.46	1.94145	7896.4	2.29129	7897.3	2.14885
1512405246880	18.56	7896.44	1.424	7896.32	2.30434	7896.54	1.33012	7896.44	2.2561	7896.47	2.16518
1512405247964	18.57	7895.78	1.30171	7896.2	1.73205	7895.92	1.32045	7896.24	1.73877	7896.75	2.1097
1512405249062	18.57	7896.33	1.65831	7896.72	1.83757	7896.46	1.71345	7896.48	1.85113	7896.62	1.97825
1512405250087	18.57	7895.67	1.5	7896.32	1.7253	7896.08	1.60528	7896.4	2	7896.77	1.88189
1512405251113	18.56	7895.89	1.16667	7896.12	1.39403	7896	1.29099	7896.24	1.76257	7896.53	1.86817
1512405252147	18.56	7894.89	1.90029	7895.56	2.36432	7895.23	1.96443	7895.56	2.41661	7895.87	2.04188
1512405253164	18.56	7894.56	1.50923	7895.64	1.46856	7895.15	1.62512	7895.6	1.52753	7895.81	2.02753
1512405254185	18.56	7895.44	1.66667	7895.92	1.75404	7895.77	1.5359	7895.84	2.01412	7896.28	2.09027
1512405255199	18.57	7894.89	1.36423	7895.28	1.56844	7895.31	1.4367	7895.32	1.51987	7896.25	2.10909
1512405256343	18.56	7895	1.5	7895.52	2.18174	7895.54	1.56074	7895.64	2.30723	7896.37	2.22806
1512405257366	18.56	7896.33	1.32288	7896.32	1.62583	7896.38	1.44559	7896.52	1.78232	7896.55	1.9945
1512405258392	18.56	7896.89	1.69148	7896.88	2.10792	7897	1.77951	7897.16	2.11503	7897.05	2.20497
1512405259432	18.59	7895.56	1.74005	7895.92	2.21585	7895.85	1.51911	7896.2	2.67706	7897.19	2.35328
1512405260477	18.57	7893.33	1.58114	7894.28	2.15097	7893.92	1.70595	7894.52	2.46847	7895.63	2.32612
1512405261593	18.56	7894.11	1.45297	7894.52	1.61038	7894.23	1.48064	7894.44	1.52971	7895.36	2.23678
1512405262623	18.55	7894.56	2.06828	7894.4	2.32737	7894.92	2.21591	7894.6	2.3094	7895.34	2.24702
1512405263747	18.56	7897	1.93649	7896.24	1.96384	7896.92	1.89128	7896.44	1.93821	7895.92	2.01276
1512405264772	18.55	7896.56	1.50923	7896.68	1.65126	7896.69	1.4367	7896.72	1.74452	7896.76	1.9732
1512405265812	18.55	7897.33	1.11803	7897.24	1.66533	7897.54	1.45002	7897.28	1.74452	7897.35	2.15027
1512405266855	18.56	7895.89	1.53659	7896.48	2.16256	7896.54	2.3315	7896.52	2.14321	7896.56	1.95182
1512405267893	18.55	7895.22	1.30171	7895.6	1.95789	7895.92	1.93484	7895.72	1.94765	7896.17	2.01129
1512405269005	18.55	7896.11	1.69148	7896.36	1.68028	7896.38	1.60927	7896.72	1.86011	7897.11	1.99673
1512405270030	18.56	7894.78	2.22361	7895.52	1.98158	7895.15	2.03495	7895.72	2.0108	7896.22	1.9888
1512405271056	18.55	7894.56	2.18581	7894.96	2.31805	7894.69	2.01596	7894.92	2.27156	7895.26	2.09603
1512405272066	18.55	7895.33	1.93649	7895.48	2.0232	7895.62	1.7097	7895.68	2.26789	7896.5	2.06943
1512405273092	18.54	7895.89	1.45297	7896.04	2.11108	7896	1.29099	7896.2	2.10159	7896.82	2.13845
1512405274133	18.55	7894.89	1.90029	7895.52	2.16256	7895.23	1.73944	7895.76	2.22261	7896.4	2.13658
1512405275145	18.55	7896.44	1.66667	7896.4	1.84842	7896.46	1.39137	7896.6	1.82574	7896.59	2.15863
1512405276197	18.55	7896.44	2.00693	7896.2	1.87083	7896.54	1.71345	7896.4	2.14087	7896.5	2.27561
1512405277210	18.55	7896.56	1.33333	7896.12	1.58955	7896.62	1.19293	7896.36	1.72916	7896.7	1.96131
1512405278236	18.56	7896.78	1.56347	7896.6	1.93649	7896.92	1.65638	7896.88	1.9218	7897.56	2.01484
1512405279288	18.54	7895.22	2.04803	7895.92	2.01908	7895.62	2.14237	7896	2.02073	7896.6	1.93418
1512405280366	18.55	7895.44	1.94365	7895.32	1.70098	7895.62	1.80455	7895.48	1.91746	7895.7	1.88824
1512405281437	18.55	7894.78	1.92209	7895.76	2.47117	7895.31	1.79743	7895.68	2.44472	7896.36	2.18938
1512405282464	18.55	7896	2.12132	7896.4	1.82574	7896.31	2.01596	7896.28	1.94765	7895.72	1.91937
1512405283522	18.55	7895.56	1.74005	7895.28	1.88237	7895.77	1.69085	7895.6	2.02073	7895.99	2.05015
1512405284551	18.54	7895.56	1.23603	7895.52	1.41774	7895.85	1.28103	7895.68	1.86458	7896.5	2.12898
1512405285574	18.54	7894.78	1.48137	7894.76	1.3	7894.85	1.40512	7894.92	1.57903	7895.03	1.9146
1512405286599	18.55	7896.56	2.06828	7896.56	1.87261	7896.62	1.7097	7896.36	1.95533	7895.9	2.25916
1512405287613	18.54	7896.22	1.48137	7896.12	1.69115	7896.38	1.38675	7896.12	1.53623	7895.68	1.99703
1512405288617	18.54	7896.78	2.53859	7895.96	2.37136	7896.62	2.18092	7896.52	2.36502	7896.14	2.16653
1512405289630	18.53	7895	1.87083	7895.4	1.65831	7895.38	1.75777	7895.76	1.87705	7896.06	1.9343
1512405290667	18.54	7897.67	1.32288	7897.68	2.37557	7898.23	2.24179	7897.96	2.33595	7897.73	2.07413
1512405291716	18.54	7896.89	1.69148	7896.68	1.93046	7897.23	1.58923	7896.92	2.01908	7897.12	2.06944
1512405292742	18.54	7896.67	1.65831	7896.16	2.09523	7896.77	1.64083	7896.36	2.2891	7896.69	1.99132
1512405293746	18.54	7897.22	1.85592	7896.72	2.05183	7897.46	1.89804	7897.2	2.5	7897.52	2.19866
1512405294806	18.55	7896	1.5	7895.72	2.13151	7896.31	1.60128	7895.92	1.99833	7895.5	2.03389
1512405295933	18.55	7894.89	1.76383	7894.68	2.11581	7895.23	1.87767	7894.96	2.07123	7894.95	1.99672
1512405296955	18.54	7894	1.80278	7894.2	1.95789	7894.62	1.89466	7894.4	1.89297	7894.32	2.05153
1512405297983	18.55	7894.11	1.76383	7894.04	2.0306	7894.46	1.76141	7894.16	2.39235	7894.18	2.1985
1512405299009	18.55	7894.56	2.12786	7894.56	1.98074	7894.77	1.7867	7894.72	2.70062	7895.18	2.23683
1512405300047	18.55	7894.11	2.31541	7894.4	2.17945	7894.38	2.2188	7894.36	2.36079	7895.06	2.06314
1512405301076	18.55	7893.89	1.53659	7894.32	2.05589	7894.23	1.64083	7894.28	1.94765	7894.46	1.8874
1512405302087	18.55	7893.56	1.94365	7894	2.06155	7893.69	1.75046	7893.96	2.05102	7895.22	2.14745
1512405303123	18.55	7894	2	7894.52	1.66132	7894.38	1.80455	7894.44	1.80462	7894.75	1.94463
1512405304125	18.56	7896	2.23607	7896.12	2.2971	7896.08	2.39658	7896.32	2.23084	7896.56	2.15474
1512405305176	18.55	7896.22	1.48137	7895.96	1.51327	7896.31	1.49358	7896.08	1.55242	7895.76	1.91968
1512405306270	18.56	7895.78	1.56347	7895.16	1.72434	7896	1.68325	7895.4	1.70783	7895.38	2.02025
1512405307296	18.56	7894.78	1.71594	7894.56	1.55671	7894.85	1.62512	7894.6	1.75594	7894.95	2.03175
1512405308361	18.56	7893.33	2.06155	7893.84	1.67531	7893.85	1.90815	7893.92	1.73013	7894.39	2.04615
1512405309471	18.57	7892.56	1.87824	7892.36	1.823	7892.92	1.89128	7892.48	1.78232	7892.85	2.05642
1512405310499	18.56	7896.89	3.14024	7896.36	2.58005	7897	2.70801	7896.56	2.70924	7895.62	2.38855
1512405311547	18.56	7894.22	2.16667	7894.44	1.80462	7894.54	1.89804	7894.6	2.10159	7894.23	1.99022
1512405312567	18.56	7895.44	1.87824	7895	1.84842	7895.46	1.94145	7895.28	1.86011	7894.61	1.90648
1512405313591	18.56	7893.78	1.71594	7893.88	1.53623	7893.77	1.58923	7893.84	1.46287	7894.03	1.90095
1512405314704	18.57	7894.89	1.96497	7895.28	2.15097	7895.08	2.21591	7895.16	2.2487	7895.05	2.17165
1512405315719	18.56	7894.22	1.56347	7894.32	1.65126	7894.38	1.55662	7894.4	1.95789	7894.31	2.01164
1512405316765	18.56	7895.33	1.58114	7895.08	2.39653	7895.77	2.24179	7895.44	2.36432	7894.91	2.07352
1512405317810	18.55	7895.44	1.74005	7895.24	1.94251	7895.77	1.73944	7895.56	2.02237	7895.67	2.06758
1512405318920	18.56	7895.22	2.33333	7895.16	1.92959	7895.46	2.02548	7895.16	2.07525	7896.35	2.06879
1512405319967	18.56	7896.56	1.74005	7896.12	1.78699	7896.77	1.69085	7896.32	1.97315	7896.11	2.06246
1512405321015	18.54	7894.89	1.76383	7895.32	1.74929	7895.31	1.75046	7895.64	2.03879	7896.46	2.02828
1512405322111	18.55	7896	1.22474	7896.08	1.6563	7896.31	1.4367	7896.28	1.74452	7897.03	1.97757
1512405323137	18.54	7899.11	2.26078	7898.76	2.20378	7899.46	2.40192	7899.08	1.97737	7897.67	1.96378
1512405324163	18.55	7899.56	2.00693	7899.08	2.17792	7899.62	2.29269	7899.16	2.11503	7898.23	1.94718
1512405325236	18.54	7899.78	1.39443	7899.56	1.52971	7899.92	1.32045	7899.52	1.32665	7899.03	1.92003
1512405326249	18.55	7898.78	1.56347	7897.88	1.76352	7898.46	1.76141	7897.88	1.76352	7898.38	1.88418
1512405327344	18.55	7898.11	1.53659	7897.4	1.73205	7897.77	1.69085	7897.44	1.60935	7897.8	1.95592
1512405328363	18.55	7898	2	7898.32	2.37557	7898.62	2.02231	7898.76	2.43721	7898.29	2.47882
1512405329389	18.55	7896.11	1.90029	7895.52	2.12368	7896.38	1.80455	7896.12	1.98578	7896.59	2.11251
1512405330431	18.55	7897.56	1.66667	7896.52	1.96044	7897.69	1.6525	7896.64	1.91224	7896.92	1.99196
1512405331451	18.55	7894.78	1.7873	7895.08	1.6563	7895.15	1.90815	7894.92	1.73013	7896.19	2.1007
1512405332532	18.55	7896.33	1.93649	7896.56	1.78139	7896.69	1.88788	7896.48	1.89561	7897.07	2.18676
1512405333606	18.55	7896.22	1.39443	7896.28	1.6207	7896.54	1.33012	7896.2	1.65831	7896.97	2.01274
1512405334742	18.54	7897.44	1.74005	7896.84	1.95107	7897.46	2.10616	7897.24	1.92094	7897.53	1.96598
1512405335771	18.55	7897.33	1.11803	7896.56	1.58325	7896.92	1.44115	7896.72	1.48661	7896.85	2.03605
1512405336862	18.54	7894.89	1.45297	7894.36	1.8	7895	1.68325	7894.48	1.85113	7894.93	1.97772
1512405337868	18.55	7895.67	1.65831	7895.24	1.94251	7895.62	1.85016	7895.52	1.75879	7896.05	2.2576
1512405338903	18.54	7894.22	1.09291	7894.32	1.65126	7894.46	1.45002	7894.52	1.73494	7895.29	2.00488
1512405339914	18.54	7895.56	1.66667	7895.28	2.13151	7895.85	1.77229	7895.36	2.05913	7894.85	2.11879
1512405340925	18.54	7896.33	1.5	7895.84	1.99332	7896.23	2.0064	7895.92	1.99833	7896.13	2.09135
1512405341942	18.54	7896	1.58114	7896.04	2.11108	7896.54	1.71345	7896.28	2.05183	7896.16	2.05819
1512405342951	18.55	7896.22	1.71594	7895.76	1.71464	7896.31	1.54837	7896.08	1.75404	7895.82	1.90122
1512405343980	18.55	7895.67	1.22474	7894.88	1.85562	7895.85	1.51911	7895.24	1.85472	7894.95	1.99411
1512405345017	18.54	7895.22	2.16667	7895.04	2.40624	7895.69	1.97419	7895.44	2.23756	7895.06	2.08573
1512405346058	18.54	7893.89	1.76383	7893.72	1.64621	7894.08	1.60528	7894	1.60728	7893.56	1.79925
1512405347106	18.55	7893.67	1.65831	7893.32	1.57374	7893.77	1.69085	7893.28	1.74452	7893.42	1.98301
1512405348263	18.54	7894.33	2.23607	7894.28	1.81475	7894.46	1.85362	7894.28	1.90438	7894.56	2.13776
1512405349446	18.53	7893.67	1.73205	7894.32	2.13542	7894.23	1.73944	7894.4	2.44949	7894.89	2.09848
1512405350459	18.54	7894.56	2.00693	7894.48	1.91746	7895	2.08167	7894.6	1.93649	7894.8	1.99023
1512405351547	18.54	7893.56	2.24227	7893.88	1.85562	7893.92	2.10006	7894.08	1.91311	7894.32	1.98442
1512405352573	18.54	7895.33	1.87083	7894.8	2.04124	7895.31	1.70219	7894.92	2.05994	7894.39	2.00241
1512405353595	18.54	7894.78	1.7873	7895.08	1.52534	7894.92	1.5525	7895.16	1.54596	7895.61	2.14339
1512405354601	18.54	7893.67	1.32288	7893.96	1.42829	7893.92	1.25576	7894.08	1.41185	7894.92	1.97204
1512405355647	18.54	7895.56	1.50923	7895.4	1.70783	7895.38	1.38675	7895.44	1.91659	7895.87	2.06974
1512405356653	18.54	7894.22	1.48137	7893.92	1.6052	7894.54	1.5064	7894.28	1.59478	7894.89	2.17884
1512405357680	18.54	7893.33	1.11803	7893.24	1.50776	7893.77	1.16575	7893.72	2.20832	7894.35	2.25201
1512405358682	18.54	7893.33	2.06155	7893.8	1.82574	7893.77	2.0064	7893.84	1.86369	7894.66	2.0684
1512405359766	18.54	7894.67	2.12132	7894.56	2.04287	7894.85	1.90815	7894.64	2.05913	7895.32	2.20289
1512405360859	18.54	7894	1.41421	7893.8	1.82574	7894.08	1.60528	7893.84	1.81842	7894.3	2.10477
1512405361929	18.54	7893.22	0.971825	7893.04	1.39881	7893.38	1.3253	7893.04	1.59374	7893.83	1.9826
1512405362944	18.54	7893.56	1.5899	7893.16	1.57268	7893.77	1.42325	7893.24	1.56205	7893.76	2.11275
1512405364039	18.53	7892.11	1.45297	7892.6	1.73205	7892.62	1.50214	7892.68	2.03552	7893.09	1.94388
1512405365087	18.53	7892.78	1.56347	7892.64	1.91224	7893.38	1.75777	7893.12	1.71561	7893.52	2.11904
1512405366134	18.53	7892.22	2.10819	7891.84	2.39235	7892.54	1.98391	7892.2	2.32737	7892.8	2.21397
1512405367174	18.53	7892.56	2.06828	7892.04	1.90351	7892.69	1.84321	7892.76	2.08726	7893.35	2.21235
1512405368266	18.53	7893	2.39792	7892.92	2.27156	7893.23	2.0064	7893.28	2.11187	7894.03	2.23119
1512405369340	18.53	7892.67	2.5	7892.96	2.11108	7893	2.19848	7892.88	2.1276	7893.66	2.08555
1512405370351	18.53	7893.67	1.5	7893.32	1.77294	7894	1.58114	7893.44	1.73397	7893.92	2.06891
1512405371355	18.54	7893.67	1.73205	7893.48	1.78232	7894	1.58114	7893.36	1.9975	7893.94	2.25838
1512405372412	18.54	7891.89	1.2693	7892	1.73205	7892.38	1.55662	7892.28	1.69607	7893.05	2.16816
1512405373428	18.54	7893.56	1.87824	7893.2	1.95789	7893.46	1.71345	7893.24	2.16564	7893.78	2.19543
1512405374451	18.54	7892.89	2.31541	7892.96	2.24499	7892.92	2.06	7892.88	2.31517	7893.57	2.20948
1512405375485	18.55	7891	2.34521	7891.16	1.92959	7891.08	1.93484	7891.12	2.00666	7892.15	2.07908
1512405376571	18.56	7890.56	2.06828	7890.96	1.85921	7890.62	1.80455	7890.84	1.90788	7892.08	2.0308
1512405377621	18.54	7892.11	1.83333	7892.64	2.01825	7892.62	1.80455	7892.72	2.20832	7893.95	2.40819
1512405378696	18.53	7893.11	1.96497	7893.92	2.51529	7893.85	2.1543	7894.24	2.38537	7894.11	2.28299
1512405379791	18.54	7892.22	2.10819	7893.08	2.3615	7892.85	2.11527	7893.08	2.41385	7893.67	2.1994
1512405380802	18.54	7894.33	2.59808	7893.64	2.2151	7894.15	2.30384	7893.52	2.45153	7894.08	2.43438
1512405381828	18.54	7895.22	1.64148	7895.16	2.07525	7895.23	1.73944	7895.12	2.16641	7895.09	2.42848
1512405382932	18.54	7895.44	2.50555	7895.48	2.08407	7895.85	2.30384	7895.52	2.08407	7895.14	2.18091
1512405383992	18.53	7894	2.17945	7894.2	2.02073	7894.15	1.81871	7894.16	1.99332	7894.69	2.08585
1512405385044	18.54	7895.44	1.87824	7895.44	2.08327	7895.46	1.94145	7895.64	1.89033	7895.58	2.09041
1512405386091	18.53	7894.67	2.39792	7894.88	2.06801	7894.77	2.16617	7894.84	1.86369	7895.15	2.11633
1512405387168	18.54	7892.89	1.83333	7893.64	1.91224	7893.38	1.80455	7893.48	1.68622	7894.25	2.17713
1512405388210	18.54	7893.89	1.90029	7894.12	1.9218	7894	1.77951	7893.76	2.02649	7894.46	2.08161
1512405389235	18.54	7893.33	2.34521	7893.24	2.27816	7893.38	2.02231	7893.28	2.22711	7894.23	2.3251
1512405390342	18.54	7892.56	1.87824	7892.44	1.82757	7892.77	1.73944	7892.52	1.80555	7893.2	2.20619
1512405391397	18.54	7893	1.58114	7893.04	1.94679	7893.46	1.5064	7893.24	1.89912	7893.62	2.10578
1512405392476	18.54	7892.67	1.93649	7893.44	2.04287	7893.46	2.25889	7893.48	2.08407	7894.23	2.05138
1512405393636	18.54	7893.67	1.58114	7893.48	1.68622	7893.92	1.49786	7893.48	1.78232	7894.08	2.09642
1512405394706	18.54	7892.67	1.5	7892.96	1.74356	7893.08	1.70595	7893.04	1.69509	7894.61	2.27311
1512405395731	18.54	7892.78	1.48137	7893.04	1.67033	7893.15	1.57301	7892.96	1.69509	7894.03	2.11255
1512405396791	18.54	7894.22	2.16667	7894.08	1.84662	7894.54	1.98391	7894.04	1.81384	7894.66	2.07343
1512405397834	18.55	7893.11	1.83333	7893.32	1.8868	7893.77	2.0064	7893.2	1.84842	7893.99	2.16984
1512405398987	18.55	7891.78	1.56347	7892.48	1.78232	7892.54	1.89804	7892.4	1.75594	7893.36	2.17779
1512405400062	18.55	7894.67	1.41421	7894.64	2.07926	7895	1.82574	7894.6	1.95789	7894.41	2.26251
1512405401132	18.54	7893.33	1.58114	7893.28	1.56844	7893.62	1.55662	7893.32	1.67631	7893.83	2.29662
1512405402227	18.54	7893.78	1.56347	7893.88	1.64114	7894.15	1.40512	7894	1.63299	7894.4	2.01101
1512405403318	18.55	7892.67	1.32288	7892.52	1.73494	7893.08	1.38212	7892.92	1.55242	7893.06	2.08073
1512405404392	18.56	7892.44	1.81046	7891.96	1.67033	7892.31	1.70219	7892.2	1.63299	7892.7	2.19679
1512405405428	18.55	7892.11	1.45297	7892.08	2.17792	7892.69	2.35884	7892.32	2.05589	7892.17	2.08336
1512405406541	18.56	7891.89	1.61589	7892.32	1.40594	7892.38	1.66024	7892.24	1.42244	7892.49	1.99507
1512405407583	18.55	7892.56	1.23603	7892.28	1.67133	7892.85	1.28103	7892.36	2.01825	7892.33	2.29671
1512405408609	18.55	7891.89	1.76383	7892.16	1.72434	7892.38	1.7097	7892.24	1.76257	7892.2	2.24434
1512405409685	18.56	7892.89	1.61589	7892.64	1.93391	7893.08	1.65638	7892.6	1.89297	7892.24	2.22794
1512405410774	18.55	7891.22	1.20185	7891.12	1.64114	7891.69	1.49358	7891.36	1.65529	7891.94	2.09957
1512405411811	18.55	7893.56	2.18581	7894	2.29129	7894.23	2.38586	7893.92	2.44813	7893.86	2.30852
1512405412826	18.56	7895.22	3.07318	7894.6	2.76887	7895.31	2.68901	7894.68	2.83901	7894.31	2.08335
1512405413851	18.56	7893.44	2.74368	7893.52	2.32952	7893.62	2.32875	7893.52	2.34734	7893.55	2.27965
1512405414877	18.55	7895.78	1.98606	7894.72	2.07204	7895.46	1.76141	7894.6	2.16025	7894.35	2.3207
1512405415878	18.54	7893.78	1.71594	7893.72	1.92614	7894.15	1.57301	7893.72	1.94765	7894.26	2.19023
1512405416988	18.56	7894.22	2.3863	7894.52	2.16256	7894.77	2.24179	7894.52	2.2383	7895.01	2.17703
1512405418065	18.55	7894.67	1.73205	7894.92	1.91311	7895	1.63299	7895.16	2.0347	7896.67	2.90333
1512405419083	18.54	7895.89	1.83333	7895.16	2.07525	7895.85	1.62512	7895.28	2.05183	7895.7	2.17486
1512405420237	18.56	7895.11	1.83333	7894.84	1.79536	7895	1.58114	7894.84	2.0347	7895.2	1.99625
1512405421248	18.56	7894	2.06155	7894.12	1.81016	7894.31	2.05688	7894.16	1.97231	7894.17	2.08586
1512405422284	18.56	7893.78	1.7873	7894.16	1.7	7894	1.91485	7894	1.75594	7894.46	2.03085
1512405423294	18.56	7893.78	1.85592	7894.04	1.7673	7894.38	1.85016	7893.96	1.74356	7894.11	2.15239
1512405424347	18.56	7893.11	2.66667	7892.92	2.1	7893.46	2.40192	7893	2.14087	7893.1	2.12123
1512405425361	18.55	7893.67	1.93649	7893.68	1.90875	7894.15	2.1543	7893.84	2.11503	7894.26	2.19318
1512405426429	18.56	7894.89	2.02759	7894.88	1.81016	7895.38	2.10311	7894.8	1.87083	7894.87	2.00844
1512405427515	18.56	7894.78	2.04803	7894.4	2.23607	7895.31	2.21302	7894.52	2.27523	7894.8	2.21091
1512405428536	18.57	7891.89	1.90029	7892.76	2.16564	7892.69	2.32324	7892.6	2.14087	7893.99	2.3026
1512405429638	18.56	7891.89	2.20479	7892.36	1.84572	7892.31	2.01596	7892.28	1.86011	7893.26	2.17649
1512405430833	18.56	7893.11	2.31541	7893.8	1.93649	7893.69	2.28709	7893.76	1.87705	7894.32	2.24504
1512405431864	18.57	7893.11	2.31541	7893.8	1.93649	7893.69	2.28709	7893.76	1.87705	7894.32	2.24504
1512405432945	18.57	7893.11	2.31541	7893.8	1.93649	7893.69	2.28709	7893.76	1.87705	7894.32	2.24504
1512405436445	18.38	8016	2.5	8015.72	2.13151	8016.46	2.53691	8015.96	2.18861	8015.13	2.33017
1512405437484	18.44	8005.33	1.87083	8004.6	1.97906	8005.08	2.13937	8004.72	2.03142	8005.08	2.10984
1512405438643	18.45	7998.22	1.92209	7999.32	2.09603	7998.85	2.03495	7999.24	2.12681	8000.04	1.92525
1512405439721	18.48	7999.44	1.94365	8000.2	1.80278	7999.92	2.01914	8000.08	1.77764	8000.47	2.00264
1512405440747	18.49	8002.22	2.04803	8003	2.06155	8003	2.27303	8002.92	2.05994	8003.07	2.07681
1512405441773	18.5	8001.89	1.69148	8002.4	1.97906	8002.31	2.32324	8002.2	1.82574	8003.74	2.147
1512405442809	18.53	8007.56	1.74005	8007.16	2.60896	8007.31	2.65784	8006.8	2.34521	8007.04	2.07257
1512405443894	18.53	8009.22	2.33333	8009.32	2.15484	8008.85	2.33973	8008.88	2.20454	8009.28	2.10818

1512405444983	18.56	8011.11	1.05409	8010.96	1.79072	8010.92	1.89128	8010.76	1.87705	8011.08	2.03187
1512405446569	18.67	7994.22	1.85592	7994.4	1.44338	7994.08	1.65638	7994.36	1.86815	7994.7	2.05215
1512405447584	18.71	7990.33	2	7989.84	1.772	7990.15	1.81871	7990.04	2.18861	7990.36	1.84928
1512405448594	18.71	7994.33	1.58114	7994.28	1.79165	7994.31	1.70219	7994.44	2.10317	7994.24	2.1397
1512405449636	18.71	8001.22	1.56347	8000.28	2.03142	8000.69	2.25036	8000.36	2.43036	7999.9	2.53304
1512405450662	18.73	8006	2	8004.88	1.96469	8005.69	1.75046	8005.16	1.86369	8005.17	2.09085
1512405451763	18.73	8011.67	1.73205	8010.32	1.97315	8011.31	1.60128	8010.76	2.08726	8010.21	1.89532
1512405452813	18.75	8015.11	1.83333	8015.12	1.81016	8015.08	2.10006	8015.32	1.90875	8014.95	1.81929
1512405453861	18.76	8020.33	1.73205	8020.24	1.89912	8020.38	1.7097	8020.2	1.80278	8020.48	2.02863
1512405454909	18.78	8022.11	2.47207	8021.92	2.1	8022.15	2.40992	8021.92	2.32594	8022.21	1.9226
1512405456007	18.79	8023.44	2.60342	8022.72	1.92614	8023.31	2.21302	8022.84	1.86369	8023.44	2.20728
1512405457028	18.8	8024.67	1.32288	8025.04	1.54056	8024.85	1.40512	8024.88	1.73973	8025.2	1.91366
1512405458054	18.81	8025.89	1.69148	8025.12	1.81016	8025.62	1.80455	8025.28	2.07204	8025.37	1.81593
1512405459159	18.81	8027	1.22474	8026.44	1.80462	8026.92	1.11516	8026.56	1.89473	8026.36	2.08708
1512405460222	18.84	8026.33	1.65831	8025.92	1.68127	8026.08	1.70595	8026.04	1.90351	8027.16	2.15061
1512405461264	18.84	8027.89	1.76383	8027.08	2.1587	8027.31	2.3939	8027.24	2.24128	8027.6	2.24801
1512405462270	18.85	8027.78	2.22361	8027.92	2.03961	8027.54	2.14536	8027.4	2.34521	8027.67	1.91591
1512405463323	18.85	8025.78	2.3863	8025.84	1.90788	8025.69	2.35884	8025.84	2.01412	8026.08	1.80086
1512405464337	18.86	8025.33	2.06155	8024.72	2.13151	8025.23	1.92154	8024.84	1.79536	8024.66	1.89174
1512405465372	18.86	8027.11	2.31541	8026.68	2.01494	8027	1.91485	8026.8	1.89297	8026.45	1.90077
1512405466388	18.86	8025.78	1.85592	8025.56	1.75784	8025.77	1.69085	8025.48	1.96044	8025.72	1.77202
1512405467413	18.85	8024.11	1.83333	8023.88	2.08806	8023.92	1.93484	8023.88	2.27889	8024.46	1.82556
1512405468423	18.85	8023.56	1.87824	8023.16	1.67531	8023.38	1.7097	8023.56	2.23756	8023.99	2.01427
1512405469563	18.85	8023.11	2.36878	8023.08	1.82392	8022.92	2.21591	8023.12	2.00666	8023.48	1.82309
1512405470614	18.86	8020.33	2.91548	8020.08	2.3615	8020.08	2.84199	8020.04	2.38886	8020.66	1.98881
1512405471661	18.86	8020.89	2.42097	8020.16	2.2487	8020.62	2.46774	8020.08	2.34379	8020.16	1.82194
1512405472668	18.86	8017.89	2.20479	8017.8	1.75594	8017.85	1.90815	8017.84	1.90788	8018.2	1.92722
1512405473693	18.86	8017.11	1.69148	8018.04	2.63755	8017.77	2.55453	8017.84	3.00943	8018.28	2.03471
1512405474753	18.86	8017.33	1.87083	8017.48	2.36502	8017.69	2.46254	8017.4	2.75379	8017.64	1.98774
1512405475831	18.86	8015.67	2.23607	8015.8	2.16025	8016	2.48328	8015.64	2.11896	8015.95	1.83922
1512405476892	18.85	8014.33	2.69258	8014.12	2.20454	8014.38	2.56705	8014	2.41523	8013.94	1.853
1512405477949	18.85	8010.78	1.85592	8011.12	2.06801	8011.23	2.35067	8011.2	2.3094	8012.06	1.97428
1512405478952	18.85	8011.33	1.5	8011.32	2.17409	8011.46	2.10616	8011.52	2.32952	8011.62	1.90584
1512405479998	18.84	8012.78	2.16667	8012.2	2.08167	8012.54	2.47034	8012.24	2.14631	8011.76	1.86111
1512405481089	18.84	8010.67	2.17945	8010.12	1.96469	8010.46	2.40192	8010.24	2.02649	8010.3	1.9394
1512405482099	18.85	8009.11	1.83333	8008.88	1.96469	8009.08	2.2532	8008.8	2.12132	8009.3	2.07184
1512405483205	18.85	8007.78	1.56347	8007.76	1.45144	8007.62	1.66024	8007.6	1.91485	8007.85	1.81421
1512405484280	18.83	8006.78	2.94863	8006.92	2.1	8006.92	2.69139	8007.16	2.4097	8006.91	1.76529
1512405485316	18.83	8005.78	2.43812	8005.48	2.18174	8006.15	2.26738	8005.84	2.28546	8005.73	1.91274
1512405486442	18.83	8006.78	1.56347	8006.32	1.7253	8006.69	1.6525	8006.56	1.93821	8006.16	1.86433
1512405487495	18.83	8006.11	2.42097	8004.84	1.95107	8005.62	2.2188	8005.12	2.02731	8004.79	1.87321
1512405488548	18.81	8004	2.39792	8003.96	2.45764	8004.23	2.58695	8004.24	2.5865	8004.02	2.12739
1512405489568	18.81	8001.33	2.34521	8002.04	2.26348	8001.85	2.54448	8002.04	2.71539	8002.07	1.9405
1512405490663	18.83	8001.89	2.26078	8001.88	1.96469	8002.23	2.20431	8002	1.89297	8002.07	2.25576
1512405491700	18.8	8001.44	2.35112	8001.24	1.94251	8001.54	2.36697	8001.16	2.0347	8000.92	1.86223
1512405492812	18.81	7999.89	2.20479	7999.8	2.23607	8000.15	2.40992	7999.76	2.24128	7999.5	1.85159
1512405493841	18.79	7999.22	1.98606	7998.72	1.96893	7999.31	2.01596	7998.68	1.97315	7998.43	1.79888
1512405494994	18.79	7999.56	2.24227	7999.36	2.09921	7999.69	2.35884	7999.24	2.10713	7998.58	2.04507
1512405496019	18.77	7998.11	2.02759	7997.92	2.1587	7998.31	1.97419	7997.92	2.01908	7998.01	2.12499
1512405497044	18.77	7998.78	2.04803	7998.12	1.94336	7998.85	1.86396	7998.48	1.93907	7998.63	2.1002
1512405498054	18.78	7996.44	2.18581	7995.92	2.32594	7996.31	2.17503	7996.16	2.32164	7996.61	2.07424
1512405499080	18.77	7997.33	2.44949	7996.44	2.16179	7997.08	2.28989	7996.72	1.98997	7996.43	1.96228
1512405500122	18.77	7997.67	2.82843	7996.68	2.05589	7997.46	2.47034	7996.72	2.05183	7996.26	1.95129
1512405501147	18.76	7996.56	2.06828	7995.52	1.68622	7996.15	1.86396	7995.52	1.93907	7995.37	2.0167
1512405502156	18.76	7995.44	1.87824	7995.64	1.7767	7995.62	1.89466	7995.56	2.10317	7995.29	1.96552
1512405503160	18.75	7995	2	7994.84	1.74833	7995.23	2.0064	7994.72	2.09205	7994.34	1.65427
1512405504208	18.74	7993.67	1.73205	7993.92	2.27156	7994	2.12132	7993.8	2.69258	7993.37	2.00668
1512405505250	18.75	7992.56	1.01379	7992.64	1.28712	7992.85	1.14354	7992.6	1.95789	7992.26	1.84493
1512405506325	18.74	7992.11	1.45297	7991.88	1.73973	7992.46	1.56074	7992.4	2.25462	7991.63	1.97231
1512405507399	18.75	7990.56	1.81046	7990.36	1.46856	7990.62	1.7097	7990.6	2.02073	7990.6	1.76257
1512405508453	18.74	7988.67	1.80278	7989.16	1.88591	7989.23	2.16617	7989.36	2.34307	7989.53	1.87921
1512405509481	18.73	7992.11	2.31541	7991.72	2.22711	7992.46	2.18386	7992.04	2.24499	7990.99	2.26842
1512405510484	18.73	7992.78	2.27913	7992.16	1.97231	7992.85	2.03495	7992.12	2.16641	7991.59	1.92142
1512405511621	18.73	7991.11	2.848	7990.64	2.2891	7991.31	2.52932	7990.76	2.42006	7990.42	1.88609
1512405512640	18.72	7990.67	2	7989.84	2.05508	7990.38	1.98068	7990	1.93649	7989.6	1.94786
1512405513665	18.72	7989.22	1.98606	7989.6	1.97906	7989.46	2.18386	7989.52	2.20076	7989.88	1.90156
1512405514692	18.72	7989.22	0.971825	7989.16	1.67531	7989.62	1.80455	7989.4	1.84842	7989.23	1.84632
1512405515718	18.72	7989.33	1.5	7988.68	1.54704	7989.15	1.67562	7988.84	1.65025	7988.68	1.7913
1512405516773	18.72	7988.67	2.12132	7988.48	2.0232	7988.69	2.05688	7988.72	2.40693	7988.91	1.83925
1512405517797	18.72	7989.22	2.22361	7988.48	1.80555	7989	2.04124	7988.68	1.8421	7988.02	1.99729
1512405518846	18.69	7987.89	2.31541	7987.44	1.66032	7988	2.04124	7987.64	1.823	7987.2	1.92451
1512405519870	18.69	7986.89	2.08833	7986.72	1.74452	7987	2.16025	7986.88	2.27889	7987.28	1.9776
1512405520976	18.69	7987.11	2.47207	7986.8	1.73205	7987.31	2.13638	7986.92	2.1	7987.53	2.27314
1512405522029	18.68	7986.33	2.34521	7986	1.73205	7986.15	2.0755	7986	1.87083	7986.36	1.87685
1512405523051	18.69	7986.11	1.90029	7985.72	1.67133	7986.08	1.60528	7986.08	1.93477	7985.88	1.93786
1512405524236	18.68	7985.78	2.53859	7985.24	2.10713	7985.62	2.53438	7985.28	2.49199	7985.41	1.88837
1512405525307	18.67	7985.11	2.08833	7984.48	1.80555	7984.85	1.95133	7984.84	2.19241	7984.33	1.83206
1512405526333	18.68	7984.33	1.87083	7983.36	1.84572	7983.85	1.86396	7983.84	1.74833	7983.82	1.63084
1512405527358	18.67	7984	2.59808	7982.96	2.09125	7983.46	2.50384	7983.16	2.11503	7983.56	2.11094
1512405528384	18.68	7983.44	2.06828	7983.44	2.2745	7983.38	2.69377	7983.44	2.8	7983.05	2.07236
1512405529401	18.67	7983.22	2.48886	7982.8	2.10159	7983	2.64575	7983.04	2.6217	7982.71	2.02555
1512405530469	18.67	7982.56	2.12786	7982.72	2.30072	7982.62	2.43374	7982.84	2.54427	7982.68	1.92262
1512405531559	18.67	7982.33	2	7981.88	1.78699	7981.92	1.84669	7982.04	1.74356	7982.32	1.95534
1512405532711	18.66	7982	1.41421	7981.48	2.14321	7981.85	1.46322	7981.72	2.09205	7982.12	2.11026
1512405533730	18.66	7980.78	1.71594	7980.32	1.67631	7980.62	1.89466	7980.6	2.04124	7981.41	2.04464
1512405534810	18.66	7981.33	1.65831	7980.44	1.95959	7981	2.16025	7980.6	2.12132	7980.97	1.93228
1512405535905	18.65	7980.22	1.92209	7979.8	2.36291	7979.85	2.23033	7979.88	2.40347	7980.27	2.07721
1512405536930	18.65	7979.56	1.424	7979.44	2.04287	7979.77	2.12736	7979.44	2.2	7980.09	2.06092
1512405537941	18.66	7979	1.32288	7978.76	2.00582	7979	1.91485	7978.76	2.08726	7979.16	2.14735
1512405538982	18.66	7979.33	1.73205	7978.6	1.84842	7979.23	1.7867	7978.92	2.01908	7978.76	1.99681
1512405539992	18.65	7978.44	1.74005	7977.76	1.71464	7978.23	1.83275	7977.88	1.83303	7978.01	2.03485
1512405541105	18.65	7978.78	2.16667	7978.4	2	7978.69	2.17503	7978.36	2.39583	7978.34	2.30388
1512405542185	18.65	7979.22	1.92209	7978.76	2.12681	7978.69	1.97419	7978.6	2.12132	7978.32	1.95267
1512405543210	18.65	7977.44	2.12786	7977.44	2.10317	7977.23	1.87767	7977.32	1.99416	7977.2	2.00146
1512405544225	18.65	7978.67	1.73205	7978.84	2.62488	7978.69	1.93152	7978.72	2.49199	7977.73	2.11393
1512405545427	18.65	7977.44	2.06828	7977.24	2.33238	7977.69	2.01596	7977.4	2.3094	7977.28	2.01154
1512405546504	18.64	7979.56	2.12786	7978.6	2.21736	7979.46	1.94145	7978.92	2.17792	7978.17	2.24617
1512405547514	18.64	7978.78	1.48137	7977.52	2.21961	7978.46	1.8081	7977.72	1.98997	7977.51	2.03641
1512405548555	18.64	7975.67	2.12132	7974.92	2.32594	7975.46	2.47034	7974.92	2.39653	7975.19	2.14805
1512405549593	18.64	7979	1.93649	7978.12	2.36854	7978.77	1.69085	7978.4	2.5	7978.56	2.45314
1512405550616	18.64	7977.11	2.08833	7976.16	2.05508	7976.92	1.84669	7976.44	2.18098	7976.66	2.3973
1512405551730	18.64	7976.67	1	7976.04	1.85921	7976.54	1.33012	7976.28	1.79165	7976.98	2.27641
1512405552775	18.65	7976.22	1.71594	7976.8	1.70783	7976.38	1.80455	7976.44	1.98074	7977.37	2.11749
1512405553810	18.63	7977.11	1.96497	7976.92	2.61279	7977.23	3.16633	7976.84	2.86764	7977.62	2.3022
1512405554871	18.63	7978.44	1.5899	7978.08	2.3615	7978.23	2.74329	7977.84	2.57682	7978.11	2.04569
1512405555882	18.62	7977.78	1.64148	7977.64	1.93391	7977.77	2.20431	7977.56	1.82757	7978.17	2.2119
1512405556922	18.62	7980.33	2.54951	7979.56	2.53443	7980.15	2.76424	7979.8	2.81366	7979.06	2.14968
1512405558014	18.62	7980.11	1.45297	7979.68	1.99416	7980.15	1.81871	7979.64	1.68028	7979.22	2.02255
1512405559164	18.61	7979.33	1.5	7978.84	1.88591	7979.08	1.93484	7978.76	1.80924	7978.18	2.04462
1512405560180	18.6	7980.33	2.17945	7980.16	2.09523	7980.08	2.39658	7980	2.16025	7979.15	2.06489
1512405561274	18.61	7979.56	2.00693	7979.4	2.3094	7979.62	2.56705	7979.44	2.34663	7979.25	2.0137
1512405562281	18.6	7979.56	2.00693	7978.92	2.17792	7979.46	1.94145	7979.08	1.97737	7978.44	1.95465
1512405563370	18.6	7978.11	1.16667	7978.12	1.64114	7978.31	1.18213	7978.04	1.33791	7979	2.28446
1512405564441	18.61	7977.56	1.66667	7977.44	1.47422	7977.46	1.61325	7977.48	1.68622	7977.76	1.81652
1512405565465	18.6	7977.89	1.83333	7978.04	2.0306	7977.62	2.32875	7977.96	2.40624	7978.67	2.22021
1512405566561	18.6	7976.33	1.58114	7976.16	1.7	7976	1.73205	7976.04	1.85921	7976.72	2.04803
1512405567600	18.6	7977.22	1.92209	7976.84	2.2487	7976.85	2.11527	7976.88	2.04776	7976.77	2.17702
1512405568624	18.59	7978.44	1.87824	7978.32	1.86458	7978.23	2.08782	7978.2	1.82574	7977.97	1.96826
1512405569669	18.59	7977.56	1.87824	7977.72	1.81475	7977.62	2.02231	7977.76	1.78606	7978.33	2.16799
1512405570772	18.59	7976	1.41421	7976.64	2.03879	7976.46	1.89804	7976.6	2.02073	7977.34	2.01999
1512405571855	18.59	7977	2.29129	7977.04	2.18861	7977	2.08167	7976.88	2.36854	7976.57	1.99388
1512405572943	18.57	7976.33	2.06155	7976	1.87083	7976.15	2.0755	7976	2.23607	7975.31	2.08085
1512405573969	18.59	7975.56	1.50923	7976.12	2.04776	7975.69	1.6525	7975.88	2.40347	7976.02	1.93369
1512405574994	18.59	7977.44	2.45515	7977.32	2.30434	7977.69	2.65784	7977.2	2.67706	7977.02	2.05132
1512405576068	18.59	7977	2.12132	7976.92	2.27156	7977.23	2.45472	7977.08	2.41385	7976.99	1.79843
1512405577077	18.59	7978	2.17945	7977.52	2.20076	7977.77	2.45472	7977.64	2.46441	7977.25	2.14095
1512405578139	18.59	7976.33	1.80278	7975.76	1.80924	7976.08	1.84669	7975.8	1.95789	7975.69	2.08585
1512405579211	18.59	7974.78	1.71594	7974.76	1.53514	7974.54	1.56074	7974.8	1.44338	7975.29	2.34493
1512405580288	18.59	7976	2.23607	7975.56	1.78139	7975.77	2.0064	7975.44	1.85023	7975.24	1.98373
1512405581360	18.59	7974	2.34521	7974.16	1.7	7974	2	7974.08	1.77764	7974.72	2.09579
1512405582397	18.59	7975.22	1.98606	7974.6	1.91485	7975.15	1.90815	7974.52	2.04369	7974.16	1.97117
1512405583428	18.59	7974	1.93649	7974.24	1.80924	7974.46	2.10616	7974.36	1.72916	7973.98	2.06528
1512405584503	18.59	7973.44	1.5899	7974	1.73205	7973.62	1.80455	7973.76	1.76257	7974.33	1.80051
1512405585673	18.57	7972.78	1.64148	7973.68	1.86458	7973.15	1.86396	7973.52	1.82848	7974.45	2.11108
1512405586733	18.57	7973.44	1.424	7973.92	2.05994	7973.77	1.7867	7973.76	2.04695	7974.51	2.09692
1512405587760	18.59	7973.33	1.22474	7973.92	1.70587	7973.92	1.84669	7973.64	1.65529	7973.92	1.96298
1512405588792	18.57	7972.22	1.30171	7972.6	1.80278	7972.38	1.50214	7972.6	1.55456	7973.05	1.80938
1512405589908	18.57	7972	1.11803	7972.36	2.30723	7972.31	2.13638	7972.4	2.02073	7973.2	2.15918
1512405590944	18.59	7974.67	2.44949	7973.52	2.25684	7974.08	2.39658	7973.72	1.94765	7974.3	2.57853
1512405591950	18.59	7973.22	2.48886	7972.64	1.84572	7973.08	2.13937	7972.92	1.73013	7973.07	2.04505
1512405592955	18.59	7972.56	1.74005	7971.76	1.71464	7972.54	1.71345	7971.84	1.74833	7972.16	2.04804
1512405594124	18.57	7973.78	1.30171	7973.32	2.07605	7973.85	1.51911	7973.2	2.21736	7973.52	2.24089
1512405595217	18.59	7974.11	1.61589	7973.68	1.8868	7973.85	1.67562	7973.76	2.0672	7973.4	2.12436
1512405596354	18.57	7975	2.82843	7974.32	2.13542	7974.69	2.59437	7974.28	2.35443	7973.69	2.05313
1512405597444	18.57	7974.67	2.34521	7974.04	2.16949	7974.38	2.39925	7974.08	2.39653	7973.14	2.14722
1512405598518	18.57	7974.22	2.22361	7974.24	1.85472	7974.31	2.35884	7974.48	2.08407	7973.81	1.88371
1512405599544	18.57	7972.44	2.18581	7973.36	1.93391	7972.77	2.20431	7973.32	2.15484	7973.22	1.98092
1512405600649	18.57	7971.78	2.22361	7971.84	1.99332	7971.77	2.55453	7971.76	2.08726	7971.82	2.1016
1512405601760	18.57	7973.22	1.71594	7972.96	1.45717	7973.08	1.801	7973	1.55456	7973.36	1.86572
1512405602810	18.59	7973.33	1.41421	7972.72	1.24231	7973	1.47196	7972.8	1.65831	7973.29	1.88159
1512405603836	18.59	7972.78	1.09291	7972.76	1.94251	7972.54	2.14536	7972.6	2.32737	7973.02	1.91343
1512405604883	18.59	7972.22	1.20185	7972.6	1.84842	7972.46	2.06621	7972.64	2.44745	7973.32	2.27999
1512405605976	18.59	7975.33	2.12132	7974.68	2.05589	7975.31	2.01596	7974.76	2.22261	7973.9	2.15775
1512405607002	18.57	7974.44	2.18581	7974.04	2.22636	7974.62	2.53438	7974.04	2.45764	7974.1	2.01444
1512405608044	18.57	7974.78	1.85592	7974.12	1.69115	7974.54	1.98391	7974.04	2.16949	7973.89	1.82961
1512405609069	18.57	7973.33	1.80278	7973.44	1.47422	7973.46	1.8081	7973.44	1.87261	7973.8	2.02217
1512405610285	18.57	7973.33	2.44949	7973.24	2.02649	7973.08	2.36155	7973.36	2.09921	7973.54	1.95506
1512405611332	18.59	7974.22	1.98606	7973.12	1.83303	7974	1.77951	7973.36	2.05913	7972.52	1.97139
1512405612358	18.59	7974.11	1.53659	7973.24	1.66533	7973.85	1.46322	7973.68	1.70098	7972.5	1.97147
1512405613511	18.59	7972.89	1.53659	7972.84	1.67531	7972.92	1.70595	7972.96	1.69509	7971.83	1.78734
1512405614540	18.59	7973.22	1.85592	7972.8	1.65831	7973.23	1.87767	7972.92	1.86905	7972.72	1.9242
1512405615565	18.59	7974	1.58114	7972.84	1.72434	7973.38	1.80455	7972.92	1.86905	7972.34	2.04266
1512405616701	18.59	7974.33	1.65831	7973.48	2.2383	7973.85	2.44425	7973.6	2.59808	7972.95	1.88273
1512405617714	18.59	7974.67	1.80278	7973.92	1.91311	7974.54	1.98391	7974.2	1.97906	7973.46	2.11871
1512405618740	18.59	7972.67	1.32288	7972.28	1.67133	7972.54	1.56074	7972.52	1.8735	7972.73	1.91212
1512405619806	18.59	7972.78	1.64148	7972.84	1.65025	7972.62	1.7097	7973	1.84842	7972.97	1.78954
1512405620808	18.57	7975.89	3.29562	7975.24	2.63439	7975.31	2.98286	7975.12	2.68204	7974.59	2.57273
1512405621833	18.57	7973.78	2.22361	7973.16	1.99332	7973.38	2.39925	7973.2	2.23607	7973.33	1.90501
1512405622972	18.59	7972.33	2.12132	7973	2.43242	7972.62	2.63117	7972.72	2.31876	7973	2.16025
1512405623998	18.57	7973.67	2.12132	7973.64	2.23383	7973.69	2.49615	7973.76	2.38537	7973.55	1.94425
1512405625024	18.57	7977.22	2.04803	7976.4	2	7976.92	2.46514	7976.36	1.97653	7975.37	2.10763
1512405626034	18.59	7972.44	2.06828	7972.84	2.0347	7972.54	2.47034	7972.92	2.08006	7973.36	2.29847
1512405627336	18.59	7972.56	2.29734	7972.68	2.09603	7972.54	2.43637	7972.92	2.44813	7973.41	2.14432
1512405628360	18.57	7973.44	1.424	7973.32	1.95192	7973.62	1.98068	7973.6	2.27303	7974.01	2.3026
1512405629405	18.57	7973.78	1.7873	7973.16	1.86369	7973.69	1.88788	7973.44	2.06317	7974.19	2.14562
1512405630494	18.59	7973.67	1.93649	7972.92	1.73013	7973.38	1.75777	7972.96	2.09125	7973.73	2.15112
1512405631508	18.57	7973.67	1.73205	7974.6	2.17945	7973.69	2.25036	7974.12	2.40347	7974.23	2.1065
1512405632546	18.57	7974.11	1.2693	7973.8	1.84842	7973.85	1.95133	7973.92	2.28983	7973.99	1.94719
1512405633555	18.57	7975.22	2.53859	7974.88	2.00666	7975.15	2.44425	7974.96	2.4235	7974.65	1.98397
1512405634583	18.57	7977	1.87083	7976.88	1.78699	7977.23	1.7867	7977.08	1.82392	7977.11	2.19459
1512405635606	18.57	7975.67	1.87083	7975.88	1.85562	7975.85	1.90815	7976	2.02073	7976.05	1.99149
1512405636632	18.57	7978	2.39792	7978.12	2.22336	7978.23	2.27866	7978.44	3.1102	7977.95	2.24604
1512405637685	18.57	7978.67	2.5	7977.6	2.08167	7978.31	2.35884	7977.72	2.17025	7977.43	2.12537
1512405638730	18.57	7976.78	2.3863	7976	1.84842	7976.46	2.14536	7976.08	1.97737	7976.15	2.02927
1512405639775	18.59	7977.22	2.77389	7976.28	2.15097	7976.85	2.44425	7976.4	2.34521	7976.18	1.94542
1512405640865	18.59	7974.89	1.90029	7974.64	1.97653	7974.92	1.97744	7974.68	1.93046	7974.76	1.9244
1512405641891	18.6	7974.11	2.20479	7974.24	2.36784	7974.46	2.72688	7974.2	2.54951	7974.91	2.1979
1512405642909	18.59	7974.78	1.71594	7974.04	1.79072	7974.38	2.14237	7974.32	1.95192	7975.21	2.09378
1512405643975	18.59	7976.22	2.27913	7975.44	1.82757	7976.08	1.97744	7975.44	1.85023	7975.94	2.15935
1512405645081	18.59	7975.56	2.29734	7975.2	1.77951	7975.08	2.21591	7975.08	1.97737	7975.32	1.96066
1512405646106	18.59	7974.67	1.73205	7974.64	1.72916	7974.31	1.79743	7974.76	1.64012	7975.2	1.91828
1512405647183	18.59	7975	1.93649	7974.96	2.16949	7974.92	2.28989	7974.88	2.75862	7975.95	2.55826
1512405648270	18.59	7975.22	1.20185	7974.84	1.40475	7975.08	1.44115	7974.84	1.772	7975.06	1.92891
1512405649309	18.57	7975.11	2.08833	7974.56	1.68523	7974.85	1.86396	7974.84	1.86369	7975.03	1.99592
1512405650324	18.59	7975.33	1.65831	7975.2	1.52753	7975	1.77951	7975.16	1.57268	7975.19	1.85953
1512405651349	18.57	7974.44	1.424	7974.24	1.26754	7974.31	1.49358	7974.2	1.52753	7973.95	1.86327
1512405652375	18.59	7975.56	1.94365	7974.52	1.71075	7975.15	1.99358	7974.76	1.87705	7974.22	2.12061
1512405653401	18.59	7975.56	1.87824	7975	1.55456	7975.38	1.89466	7974.92	1.95619	7975.03	2.3294
1512405654423	18.59	7975.78	2.27913	7975.88	2.06801	7975.92	2.49872	7975.76	2.08726	7975.27	2.05395
1512405655454	18.59	7974.22	1.7873	7974.72	1.69607	7974.38	1.85016	7974.84	1.92959	7975.17	1.99308
1512405656489	18.6	7974.67	1.22474	7974.2	1.22474	7974.54	1.1266	7974.32	1.21518	7974.33	1.92088
1512405657515	18.6	7975.56	1.87824	7975.16	1.62481	7975.54	1.8081	7975.28	1.69607	7974.87	2.02042
1512405658559	18.59	7974.78	1.71594	7974.2	1.60728	7974.46	1.71345	7974.32	1.70098	7974.14	1.85857
1512405659563	18.59	7974.78	2.48886	7975.48	2.04369	7975	2.27303	7975.36	2.32522	7975.56	2.07846
1512405660591	18.6	7975.67	2.44949	7975.16	1.90788	7975.31	2.17503	7975.4	2.12132	7975.37	2.08277
1512405661606	18.59	7974.33	2.17945	7973.76	1.73877	7973.77	2.16617	7973.76	2.00582	7973.68	1.9388
1512405662643	18.59	7974	1.65831	7973.28	1.56844	7973.69	1.70219	7973.44	1.87261	7973.58	2.15682
1512405663689	18.59	7975.67	1.87083	7974.04	2.18861	7974.92	2.36155	7974.28	2.09205	7974.31	2.05011
1512405664694	18.6	7974.67	1.65831	7973.52	2.0025	7974.08	2.21591	7973.72	2.03142	7973.8	2.06549
1512405665700	18.59	7973.33	2.12132	7972.88	2.1276	7973.15	2.26738	7973.08	2.41385	7973.79	2.38516
1512405666832	18.59	7974.78	1.85592	7974.04	1.7673	7974.62	1.93815	7974.36	1.91224	7974.67	2.18474
1512405667858	18.59	7972.56	1.424	7972.04	1.69509	7972.46	1.89804	7972.36	1.8	7973.02	2.16256
1512405668897	18.59	7973	2.91548	7972.88	2.24202	7972.92	2.95696	7972.8	2.43242	7973.26	2.14758
1512405669937	18.59	7973	2.06155	7973.2	1.91485	7972.85	1.95133	7973.08	2.1587	7973.98	2.36396
1512405670995	18.59	7974.22	2.04803	7973.92	1.80093	7973.92	2.06	7974.2	1.82574	7974.38	2.06613
1512405672074	18.59	7972.89	1.76383	7972.92	1.52534	7972.77	1.73944	7972.88	1.81016	7974.17	2.70932
1512405673100	18.59	7975.22	2.27913	7974.92	1.99833	7975.08	2.17798	7974.76	2.04695	7974.88	2.09197
1512405674154	18.59	7974.56	2.4037	7974.48	1.98158	7974.23	2.24179	7974.36	2.19621	7974.62	2.18826
1512405675165	18.59	7975.44	1.81046	7974.96	1.79072	7975.15	1.77229	7975.08	1.82392	7974.47	2.01568
1512405676237	18.57	7975.56	1.74005	7975.16	1.65025	7975.15	1.72463	7975.28	1.74452	7974.58	1.91078
1512405677251	18.56	7975.67	1.65831	7975.96	1.59374	7976	1.91485	7976.16	1.65025	7975.9	2.30932
1512405678278	18.59	7978.11	2.26078	7977.6	2.08167	7978.23	2.42053	7977.64	1.97653	7976.07	2.39028
1512405679281	18.57	7975.33	1.87083	7975.32	1.74929	7975.31	2.09701	7975.32	2.03552	7975.27	2.21788
1512405680329	18.56	7975.44	1.5899	7975.4	2.12132	7975.23	2.31495	7975.32	2.23084	7975.48	2.1215
1512405681333	18.57	7976.56	1.5899	7976.76	2.04695	7976.77	1.96443	7976.64	1.95533	7976.5	2.2893
1512405682379	18.57	7978.22	2.43812	7977.68	1.81934	7978.15	2.19265	7977.68	2.01494	7976.71	2.07885
1512405683385	18.57	7976.56	2.24227	7976.4	1.97906	7976.31	2.42846	7976.24	2.22261	7976.1	2.10051
1512405684410	18.57	7976.11	1.90029	7975.56	2.2745	7975.92	2.36155	7975.64	2.19621	7975.28	2.35063
1512405685454	18.56	7974.78	1.92209	7974.8	1.97906	7974.85	2.03495	7975.04	1.90351	7974.83	2.11807
1512405686557	18.56	7975.78	2.63523	7975.28	2.28254	7975.46	2.75727	7975.4	2.5658	7974.79	2.04597
1512405687574	18.56	7975.78	1.71594	7974.96	1.7673	7975.38	1.66024	7975.24	1.78606	7975.03	2.11371
1512405688599	18.56	7976.78	1.71594	7976.04	1.7673	7976.62	1.75777	7976.32	1.77294	7975.69	2.25112
1512405689639	18.56	7978	1.93649	7976.6	2.08167	7977.54	2.02548	7977	1.89297	7976.39	2.25907
1512405690650	18.55	7978.56	2.60342	7978.44	2.73983	7978.23	3.03188	7978.36	2.76707	7978.56	2.35346
1512405691823	18.55	7977.11	2.52212	7977.16	2.4097	7977	2.85774	7977.08	2.76767	7977.26	2.1908
1512405692833	18.56	7976.89	1.76383	7976.28	1.76824	7976.54	2.18386	7976.44	2.2	7976.52	2.124
1512405693839	18.55	7975.22	2.10819	7974.44	1.68523	7974.85	2.11527	7974.68	1.7253	7974.81	2.04543
1512405694953	18.56	7976.44	2.24227	7976.16	1.8412	7976.08	2.28989	7976.24	2.25979	7976.34	2.19544
1512405696007	18.55	7977.11	1.45297	7977.12	2.16641	7977	2.16025	7977.04	2.26348	7976.35	2.22409
1512405697208	18.56	7976.89	1.69148	7976.56	1.89473	7976.62	2.2188	7976.68	2.15484	7976.68	2.07631
1512405698258	18.56	7978.44	1.5899	7976.64	2.13854	7977.69	1.75046	7977.08	1.80093	7976.25	2.09732
1512405699261	18.56	7977.56	1.33333	7976.92	1.73013	7977.31	1.84321	7977.16	1.97231	7976.5	1.97411
1512405700337	18.56	7977	1.65831	7976.96	1.90351	7976.77	2.20431	7977.28	2.13151	7977.04	2.05997
1512405701363	18.57	7976.89	2.02759	7976.44	1.87261	7976.69	2.21302	7976.48	2.0232	7976.14	2.11545
1512405702417	18.56	7977.22	1.20185	7976.72	1.51438	7977	1.22474	7976.8	1.68325	7976.08	1.98147
1512405703430	18.55	7977.56	2.29734	7977.56	2.43379	7977.69	2.86893	7977.8	2.81366	7977.59	2.20164
1512405704468	18.55	7978.33	2	7978.08	1.73013	7978.15	2.03495	7978.36	2.11896	7978.24	2.36682
1512405705513	18.55	7978.11	1.83333	7977.52	1.73494	7977.77	1.92154	7977.6	2.23607	7977.7	2.28465
1512405706539	18.55	7976.33	0.707107	7976.56	1.44568	7976.62	1.50214	7976.68	2.15484	7977.08	2.1295
1512405707567	18.57	7980.56	1.94365	7979.76	2.00582	7980.38	1.93815	7980.16	2.01412	7978.22	2.36165
1512405708650	18.56	7979.11	1.69148	7978.52	2.10396	7978.77	2.16617	7978.64	2.15793	7978.07	2.36399
1512405709659	18.54	7978.67	1.65831	7978.32	1.79629	7978.38	1.93815	7978.4	2.10159	7978.65	2.33635
1512405710711	18.55	7980	1.87083	7980.16	1.59896	7979.92	2.01914	7980.08	1.89121	7979.76	2.06286
1512405711734	18.56	7979.44	2.12786	7978.48	1.93907	7979.15	2.33973	7978.64	2.23383	7978.77	2.2759
1512405712787	18.55	7977.44	2.55495	7977.2	2	7977	2.51661	7977.12	2.22336	7977.48	2.0844
1512405713801	18.56	7978.56	3.43188	7978.24	2.45425	7978.15	3.07804	7978.36	2.82666	7978.16	2.15462
1512405714839	18.56	7978.44	2.45515	7977.32	2.21209	7977.69	2.65784	7977.44	2.39931	7977.46	2.04618
1512405715897	18.56	7977.22	1.85592	7976.16	1.86369	7976.54	2.36697	7976.24	2.16564	7976.7	2.06681
1512405716922	18.56	7976.78	2.10819	7975.68	2.01494	7976.23	2.12736	7976.12	1.98578	7976.21	2.26418
1512405718003	18.56	7978	1.80278	7977.84	1.79536	7977.77	2.16617	7977.76	2.04695	7977.42	2.16627
1512405719055	18.57	7975.89	1.2693	7976	1.68325	7975.92	2.01914	7975.92	2.01908	7976.44	2.14019
1512405720058	18.56	7977.22	2.16667	7976.4	2.16025	7976.62	2.59931	7976.32	2.19317	7976.34	1.88114
1512405721106	18.56	7977.11	2.20479	7976.72	2.55799	7976.77	2.89119	7976.44	2.81484	7977.06	2.25506
1512405722152	18.57	7980	2.12132	7978.88	2.26053	7979.38	2.36426	7978.8	2.43242	7978.01	2.18064
1512405723216	18.57	7977.33	1.93649	7976.84	2.13464	7976.62	2.50128	7976.8	2.17945	7977	2.15058
1512405724334	18.57	7978.44	2.78887	7977.12	2.65079	7977.69	3.01066	7977.36	2.62805	7976.22	2.06768
1512405725344	18.56	7976.78	1.98606	7976.04	2.05102	7976.23	2.35067	7975.92	2.49867	7976.22	2.05576
1512405726395	18.57	7976.11	1.96497	7975.76	1.78606	7975.92	1.93484	7975.72	2.0108	7975.9	2.05539
1512405727476	18.56	7978.11	2.02759	7977.04	2.16949	7977.46	2.25889	7977.2	2.25462	7977.09	2.20123
1512405728502	18.57	7977.44	1.50923	7976.8	2.19848	7977	2.73861	7976.88	2.6032	7977.23	2.16503
1512405729527	18.57	7977.67	2.12132	7976.68	2.07605	7977.31	2.52932	7976.84	2.39235	7976.67	1.97172
1512405730553	18.59	7976.78	2.22361	7976.36	2.13854	7976.85	2.51151	7976.24	2.47117	7975.89	2.07755
1512405731579	18.59	7976	2.23607	7975.64	2.30723	7976	2.79881	7975.52	2.5186	7975.37	2.08809
1512405732717	18.57	7977.67	1.73205	7977.24	1.69017	7977.77	1.69085	7977.48	1.78232	7978.04	2.12582
1512405733842	18.57	7977.11	1.16667	7976.88	1.56312	7977.31	1.93152	7977.16	1.65025	7977.06	1.93818
1512405734988	18.59	7978.56	2.18581	7977.76	2.20378	7978.54	2.18386	7978.08	2.46509	7977.24	2.19321
1512405736007	18.57	7976.44	2.29734	7975.56	2.18098	7975.92	2.62874	7975.44	2.53443	7976.02	2.1782
1512405737147	18.59	7976.67	1.93649	7975.96	1.92527	7976.23	2.20431	7976	2.41523	7976.79	2.25957
1512405738237	18.57	7977.67	1.80278	7976.6	1.75594	7977.23	1.96443	7976.68	2.23084	7976.96	2.00737
1512405739312	18.57	7978	1.58114	7976.92	1.55242	7977.46	1.6641	7976.92	1.99833	7976.63	2.00408
1512405740338	18.57	7976.89	1.69148	7976.48	1.89561	7976.54	2.10616	7976.24	2.25979	7976.67	2.12921
1512405741450	18.57	7977.11	2.57121	7976.92	2.08006	7977	2.48328	7977	2.32737	7977.44	2.32465
1512405742531	18.59	7977.56	2.24227	7977.6	1.80278	7977.54	2.18386	7977.4	1.97906	7977.65	2.13324
1512405743541	18.57	7977.56	2.18581	7977.36	1.72916	7977.46	2.25889	7977.2	2.02073	7977.24	2.09045
1512405744568	18.57	7978.22	1.7873	7978.28	1.86011	7978.08	2.326	7978	2.53311	7978.54	2.11871
1512405745580	18.59	7977.56	1.5899	7977.12	1.87794	7977.23	2.04751	7977.04	2.24499	7976.68	2.0079
1512405746613	18.57	7976.67	2.06155	7976.16	2.0347	7976.38	2.2188	7976.04	2.11108	7975.73	2.01297
1512405747651	18.57	7975.89	1.53659	7975.28	1.81475	7975.77	1.73944	7975.4	2.06155	7976	2.13112
1512405748718	18.59	7977.44	2.12786	7977.04	2.31805	7977.31	2.6263	7977.12	2.53837	7977.5	2.19404
1512405749797	18.57	7977.22	1.71594	7977.28	2.0108	7977.38	2.25605	7977.24	2.29637	7977.84	1.99914
1512405750908	18.59	7976.22	2.10819	7976.56	2.12289	7976.46	2.43637	7976.52	2.16256	7976.84	1.99392
1512405751962	18.59	7976	1.87083	7975.84	1.67531	7975.77	1.83275	7976	1.77951	7976.14	1.86417
1512405752988	18.57	7976.22	1.71594	7976.28	1.64621	7975.92	1.801	7976.16	1.79536	7976.6	2.0672
1512405754013	18.57	7976.78	1.39443	7976.28	1.30767	7976.46	1.33012	7976.28	1.30767	7975.89	1.87738
1512405755039	18.59	7976.22	2.16667	7975.8	2.08167	7975.85	2.23033	7975.64	2.30723	7975.97	2.34944
1512405756088	18.59	7975.56	1.5899	7974.88	1.76352	7975.15	1.46322	7975.08	1.6052	7975	2.23607
1512405757153	18.59	7976.89	1.69148	7975.96	1.81384	7976.54	2.02548	7976.12	1.96469	7977.25	2.44104
1512405758164	18.59	7975.44	2.06828	7975.12	1.64114	7975.38	1.89466	7975.16	1.74833	7975.8	2.02731
1512405759267	18.59	7976.33	2.64575	7975.76	2.08726	7976.46	2.25889	7975.96	2.11108	7975.93	2.17242
1512405760277	18.59	7976.11	1.83333	7975.68	1.70098	7976	1.87083	7975.84	1.99332	7975.88	2.06536
1512405761321	18.6	7976.89	1.83333	7976	1.70783	7976.69	1.54837	7976.12	2.1276	7975.76	2.10782
1512405762338	18.6	7977.11	1.69148	7976.44	1.58325	7976.92	1.65638	7976.6	1.70783	7976.09	1.95723
1512405763386	18.59	7975.89	2.02759	7975.36	1.52425	7975.69	1.84321	7975.48	1.68622	7975.2	1.95858
1512405764498	18.59	7976.33	2.34521	7975.72	1.72047	7976.08	2.01914	7975.84	2.11503	7975.18	1.92842
1512405765537	18.6	7977.67	1.73205	7976.12	2.26053	7976.85	2.03495	7976.2	2.08167	7975.63	2.05
1512405766549	18.6	7976.89	1.45297	7976.08	1.97737	7976.46	1.39137	7976.16	2.17332	7975.16	2.12135
1512405767639	18.59	7976.44	1.424	7975.84	1.72434	7976.15	1.40512	7975.96	1.90351	7975.51	2.01329
1512405768650	18.59	7974.11	2.31541	7974.2	1.68325	7973.92	2.01914	7974	2.43242	7974.5	2.15572
1512405769655	18.59	7975.33	1.93649	7975	1.70783	7975.15	2.03495	7975.04	2.4235	7975.83	2.20009
1512405770699	18.59	7976	2	7976.2	2.02073	7976.46	2.14536	7976.32	2.11581	7976.69	2.33781
1512405771725	18.59	7977.11	2.61937	7976.48	2.27523	7977.08	2.49872	7976.6	2.44949	7976.32	2.13854
1512405772751	18.59	7975	2.12132	7975.44	2.04287	7975.23	2.20431	7975.32	2.41039	7976.06	2.15587
1512405773781	18.59	7976.33	2.34521	7976.36	2.34307	7976.23	2.71274	7976.16	2.51131	7976.14	2.21174
1512405774842	18.59	7976	1.73205	7975.96	1.92527	7975.62	2.25605	7975.64	2.32522	7975.5	2.05427
1512405775929	18.6	7976.33	2.34521	7975.8	2.04124	7975.77	2.20431	7975.44	2.39931	7976.38	2.15951
1512405776983	18.59	7976.11	1.53659	7976.04	1.54056	7976	1.68325	7975.92	1.68127	7976.63	1.96736
1512405778110	18.59	7976.11	1.53659	7976.04	1.54056	7976	1.68325	7975.92	1.68127	7976.63	1.96736
1512405779175	18.59	7976.11	1.53659	7976.04	1.54056	7976	1.68325	7975.92	1.68127	7976.63	1.96736
1512405783318	18.39	8013.78	1.71594	8012.8	2.08167	8013.54	1.71345	8013.32	1.57374	8012.88	2.42841
1512405784376	18.45	8004.33	2	8003.6	2.25462	8004.31	1.97419	8003.88	2.10792	8004.07	2.39246
1512405785452	18.46	8001.22	1.30171	8001.28	1.79165	8001.46	1.33012	8001.36	1.52425	8001.29	1.96817
1512405786498	18.49	8001.33	1	8001.4	1.38444	8001.54	1.1266	8001.44	1.08321	8000.85	1.85495
1512405787504	18.5	8000.56	1.424	8000.72	1.45831	8000.62	1.55662	8000.72	1.51438	8001.59	1.92413
1512405788515	18.54	8003.78	1.30171	8003.32	1.67631	8003.85	1.3445	8003.68	2.07605	8004.33	2.08264
1512405789527	18.54	8005.56	2.12786	8006.72	2.20832	8005.85	1.90815	8006.2	2.02073	8006.04	2.28864
1512405790641	18.55	8006.78	1.39443	8007.32	1.4922	8006.85	1.3445	8007.16	1.34412	8007.9	1.99103
1512405791694	18.57	8007.89	1.83333	8008.68	1.8421	8008	1.91485	8008.64	1.93391	8009.06	1.87813
1512405792718	18.59	8009.67	2.23607	8009.44	2.32881	8009.23	2.5217	8009.48	2.34734	8009.29	1.98661
1512405793759	18.6	8010.67	2.17945	8010.72	2.17025	8010.23	2.35067	8010.76	2.08726	8010.69	2.04296
1512405794769	18.61	8011.67	2.06155	8011.52	1.89561	8011.38	2.14237	8011.68	1.79629	8012.1	1.9647
1512405795795	18.62	8012	1.32288	8012.44	2.02237	8012.23	1.7867	8012.56	1.98074	8012.42	1.75447
1512405796826	18.62	8011.89	1.83333	8012.08	1.97737	8011.92	1.75412	8012.28	1.92614	8012.48	1.84304
1512405797839	18.63	8012.78	2.22361	8013	2.08167	8012.54	2.14536	8012.68	2.05589	8013.25	1.9844
1512405798888	18.63	8013.89	2.36878	8013.64	1.8	8013.77	2.20431	8013.68	1.77294	8013.3	1.93187
1512405799914	18.64	8012.89	1.76383	8012.64	1.68028	8013	1.82574	8012.84	1.54596	8013.33	1.94245
1512405800918	18.66	8012.78	1.98606	8013	1.70783	8012.92	2.06	8013.16	1.67531	8013.25	2.10909
1512405801949	18.66	8012	1.65831	8011.72	1.64621	8012	1.68325	8012.04	1.7195	8012.04	1.96011
1512405802974	18.66	8011.11	1.69148	8010.44	1.80462	8010.85	1.67562	8010.48	1.73494	8010.73	1.96053
1512405804060	18.66	8011.44	1.424	8011.28	1.83757	8011.31	1.60128	8011.24	1.61452	8011.21	1.96547
1512405805093	18.67	8010	1.41421	8009.76	1.83212	8009.92	1.75412	8009.76	1.87705	8009.49	1.926
1512405806112	18.68	8007.78	1.64148	8008	1.80278	8007.77	1.58923	8008.04	1.67033	8008.3	1.79781
1512405807136	18.67	8009	2.06155	8009.08	2.39653	8008.62	2.43374	8009.2	2.5	8009.23	2.28504
1512405808312	18.68	8007.56	2.12786	8007.52	2.18174	8007.31	2.42846	8007.72	2.22711	8007.7	2.03942
1512405809387	18.68	8006.22	2.10819	8006.04	2.33595	8005.77	2.45472	8005.96	2.20756	8006.68	1.81154
1512405810429	18.68	8006.22	2.27913	8005.44	2.34663	8005.54	2.47034	8005.6	2.14087	8005.89	1.82105
1512405811456	18.67	8004.33	2.06155	8003.52	2.2383	8003.62	2.36426	8003.68	2.13542	8003.87	1.89539
1512405812480	18.68	8004.33	2	8004.16	1.95107	8004.08	1.89128	8004.32	2.05589	8004.19	1.75191
1512405813511	18.68	8005.44	1.94365	8004.72	2.28254	8005.08	1.93484	8004.68	1.86458	8003.87	1.86771
1512405814599	18.68	8002.56	1.81046	8002.64	2.05913	8002.15	1.72463	8002.64	1.9975	8003.08	1.8706
1512405815642	18.68	8003	2.23607	8003.52	2.06398	8002.77	1.96443	8003.4	1.91485	8003.17	1.90762
1512405816846	18.67	8000.78	1.85592	8000.72	2.22711	8000.38	2.02231	8000.72	1.83757	8000.85	1.91573
1512405817903	18.69	8000.78	1.56347	8000.16	2.11503	8000.08	2.13937	8000.16	1.88591	7999.99	1.8708
1512405818937	18.68	7999.78	2.10819	7999.2	1.80278	7999.15	2.1543	7999.28	1.83757	7999.23	1.85476
1512405820015	18.67	7998.44	2.96273	7998.96	2.24499	7998.38	2.56705	7998.88	2.18556	7999.34	2.03243
1512405821110	18.67	7998.67	2.12132	7998.44	2.16179	7998.08	2.13937	7998.24	2.02649	7998.49	2.17016
1512405822136	18.67	7998	2.87228	7998.32	2.56125	7997.54	2.72688	7997.96	2.58972	7998.26	2.14515
1512405823180	18.67	7998.56	3.5746	7997.76	2.77308	7997.77	3.49175	7997.48	2.85949	7997.62	2.09119
1512405824285	18.68	7997	2.95804	7996.56	2.78508	7996.23	2.94827	7996.52	2.78568	7996.62	2.0096
1512405825311	18.68	7996.33	2.06155	7995.44	2.29274	7995.62	2.66266	7995.36	2.34307	7994.82	2.00864
1512405826464	18.67	7994.44	2.50555	7993.76	2.52124	7993.92	2.75262	7993.8	2.46644	7993.78	1.91134

1512405827487	18.67	7994.56	1.5899	7994.44	1.85023	7994.15	1.99358	7994.12	1.87794	7994.16	2.00434
1512405829072	18.77	7993.78	1.48137	7993.76	1.98494	7993.46	2.10616	7993.44	1.87261	7993.84	1.85969
1512405830164	18.79	8007.11	2.36878	8006.44	2.00167	8007	2.23607	8006.44	2.5671	8006.22	2.03795
1512405831238	18.78	8007	1.73205	8007.12	1.81016	8007.23	1.5359	8007.16	1.49108	8007.34	1.92222
1512405832289	18.77	8014.67	1.80278	8014.56	1.70978	8014.54	1.85362	8014.32	1.8868	8013.81	2.30026
1512405833329	18.77	8019.33	2.44949	8019.12	1.87794	8019.31	2.17503	8019.04	2.15019	8018.99	1.99997
1512405834429	18.78	8023.78	2.04803	8023.84	2.05508	8023.85	1.86396	8024.08	2.03961	8024.63	2.01153
1512405835478	18.79	8029.56	2.83333	8030.28	2.37206	8030.08	2.75262	8030	2.78388	8030.23	2.27986
1512405836528	18.78	8033.22	2.22361	8032.92	2.03961	8033.38	2.14237	8032.88	2.04776	8032.46	2.01551
1512405837619	18.78	8035.44	1.66667	8035.28	1.36991	8035.46	1.45002	8035.36	1.28712	8036.3	1.93402
1512405838673	18.8	8037.33	1.73205	8037.32	1.46401	8037.15	1.57301	8037.04	1.54056	8038.22	1.95903
1512405839719	18.8	8039.22	1.71594	8038.44	1.73397	8038.85	1.72463	8038.36	1.72916	8038.38	1.74944
1512405840724	18.8	8041	1.65831	8040.72	1.76824	8041.23	2.20431	8040.96	2.09125	8042.17	2.3622
1512405841768	18.8	8042.67	1.5	8042.28	1.88237	8042.62	1.60927	8042.56	1.89473	8042.67	1.92675
1512405842916	18.8	8048.44	3.97213	8046.84	3.3	8047.46	3.97105	8046.56	3.52467	8044.94	2.736
1512405843934	18.81	8044.67	1.73205	8044.48	1.71075	8044.69	1.93152	8044.4	2	8044.72	1.91062
1512405845042	18.81	8043.44	1.5899	8044.28	1.94765	8043.46	1.76141	8043.6	2.06155	8043.86	2.0631
1512405846156	18.81	8044	1.65831	8044.04	1.54056	8044	1.73205	8043.68	1.79629	8044.32	2.01825
1512405847308	18.8	8044.44	1.33333	8044.24	1.45144	8044.54	1.45002	8044.16	1.49108	8044.64	1.86052
1512405848347	18.81	8044.33	2.06155	8043.96	1.79072	8044.31	1.88788	8044.04	1.61967	8043.94	1.93818
1512405849492	18.81	8042.56	2.00693	8042.2	1.87083	8042.38	2.14237	8042.12	1.96469	8042.13	1.92096
1512405850528	18.8	8041.33	1	8041.12	1.50886	8041.31	1.18213	8041.2	1.55456	8041.73	2.16986
1512405851572	18.83	8040	1.93649	8040.04	1.7195	8040	1.73205	8039.96	1.79072	8040.84	2.07668
1512405852598	18.83	8040.44	1.33333	8040.72	1.96893	8040.38	1.55662	8040.4	1.70783	8041.3	2.04197
1512405853616	18.81	8040.44	1.33333	8040.72	1.96893	8040.38	1.55662	8040.4	1.70783	8041.3	2.04197
1512405854633	18.8	8040.44	1.33333	8040.72	1.96893	8040.38	1.55662	8040.4	1.70783	8041.3	2.04197
1512405859130	18.62	7988.67	1.58114	7989.88	1.9218	7989.38	1.85016	7989.84	1.90788	7991.5	2.26643
1512405860155	18.67	7980.33	1.22474	7980.68	1.62583	7980.77	1.23517	7980.8	1.32288	7980.13	1.96651
1512405861177	18.67	7977.22	1.64148	7977.4	1.73205	7977.46	1.56074	7977.24	1.53514	7977.17	1.89484
1512405862216	18.69	7977.22	1.7873	7977.88	1.58955	7977.31	1.60128	7977.28	1.56844	7977.46	1.92554
1512405863217	18.71	7976.78	2.10819	7977.68	1.7253	7977.23	1.92154	7977.56	1.73397	7978.16	2.10572
1512405864268	18.73	7978.56	1.94365	7978.92	1.68127	7978.85	1.95133	7978.88	1.9218	7979.26	2.19555
1512405865284	18.73	7981.22	1.56347	7981.72	1.51438	7981.54	1.5064	7981.6	1.89297	7982.04	2.38784
1512405866310	18.75	7981.56	0.527046	7982.08	1.41185	7981.69	0.85485	7981.76	1.5885	7983.3	2.28283
1512405867386	18.75	7983.44	1.74005	7984.12	1.81016	7983.69	1.60128	7983.96	2.0306	7984.4	2.23872
1512405868411	18.77	7983.78	1.64148	7984.96	1.85921	7984.38	1.85016	7984.84	1.90788	7985.24	2.11275
1512405869426	18.78	7986.33	1.32288	7986.92	1.32035	7986.77	1.42325	7986.52	1.32665	7986.22	1.95712
1512405870526	18.79	7986.11	1.83333	7986.92	1.73013	7986.85	2.0755	7986.72	1.64621	7987.05	2.06847
1512405871538	18.8	7985	1.11803	7985.72	1.79165	7985.85	1.81871	7985.36	1.97653	7985.34	1.90042
1512405872562	18.8	7984.67	1	7985.08	1.6563	7985.31	1.60128	7984.84	1.51877	7984.7	1.83509
1512405873604	18.81	7983.67	1.32288	7984.64	1.89033	7984.38	1.7097	7984.28	1.51438	7984.79	2.17741
1512405874614	18.83	7983.22	0.971825	7984.2	1.63299	7983.92	1.44115	7983.72	1.48661	7983.89	2.22289
1512405875639	18.84	7982.33	0.866025	7982.96	1.39881	7983	1.35401	7982.6	1.35401	7982.76	2.06034
1512405876665	18.83	7979.67	1.5	7979.88	1.96469	7980.08	1.5525	7979.56	1.89473	7979.99	2.19017
1512405877819	18.85	7979.44	1.66667	7979.84	1.772	7979.92	1.60528	7979.6	1.80278	7979.63	2.43978
1512405879006	18.85	7978	1.5	7978.32	1.81934	7978.62	1.89466	7978.12	1.98578	7978.2	2.07731
1512405880066	18.84	7975.78	0.833333	7976.48	1.91746	7976.38	1.60927	7976.08	1.80093	7976	1.95256
1512405881109	18.84	7974.89	0.927961	7976.44	2.02237	7975.92	1.93484	7976.12	1.9	7977.45	2.11121
1512405882151	18.84	7972.67	1.73205	7973.28	1.67133	7973.31	1.84321	7973.08	1.57903	7973.92	2.3326
1512405883176	18.84	7971.89	1.61589	7973	1.60728	7972.46	1.6641	7972.48	1.47535	7972.99	2.2442
1512405884202	18.84	7970.67	1.41421	7971.16	1.34412	7971.23	1.58923	7971	1.35401	7971.89	2.18984
1512405885216	18.84	7971	1.65831	7971.04	1.7673	7971.23	1.64083	7970.84	1.90788	7971.15	2.24993
1512405886305	18.84	7969.33	1.73205	7970.12	1.78699	7969.77	1.64083	7969.96	1.59374	7970.35	2.04855
1512405887312	18.84	7970.56	1.74005	7971.52	1.73494	7971.08	1.70595	7971.16	1.54596	7971.07	1.9871
1512405888419	18.83	7969.33	1.11803	7970	1.63299	7969.85	1.40512	7969.68	1.67631	7969.31	2.04247
1512405889444	18.83	7966.33	1.32288	7967.48	1.5843	7967.08	1.65638	7967.4	1.77951	7968.02	2.19724
1512405890483	18.83	7966.11	1.16667	7967.2	1.77951	7967	1.82574	7967.08	1.82392	7967.04	2.37033
1512405891577	18.81	7964.44	1.66667	7964.88	1.66633	7964.85	1.62512	7964.64	1.60416	7964.79	2.11112
1512405892644	18.81	7964.22	0.971825	7964.92	1.84662	7964.85	1.57301	7964.68	1.57374	7964.67	2.01871
1512405893647	18.8	7963.44	1.33333	7964.12	1.87794	7964.15	1.62512	7963.92	1.6052	7963.77	1.99213
1512405894679	18.81	7963.89	2.26078	7963.76	2.0672	7964.23	1.96443	7963.76	2.00582	7963.47	2.39578
1512405895696	18.8	7960.33	1.22474	7960.88	1.23558	7960.69	1.31559	7960.84	1.24766	7961.55	2.24267
1512405896785	18.8	7959.33	1.5	7960.16	1.74833	7960	1.73205	7960	1.84842	7960.56	2.11572
1512405897877	18.8	7960.56	1.33333	7960.8	1.44338	7960.92	1.32045	7960.4	1.65831	7960.05	2.1955
1512405898904	18.79	7958.67	1.32288	7959.4	1.82574	7959	1.47196	7959.04	1.48549	7959.63	2.03503
1512405899929	18.79	7957.22	1.20185	7957.52	1.78232	7957.31	1.54837	7957.32	1.46401	7957.53	2.06916
1512405901052	18.78	7956.33	1.22474	7956.76	1.71464	7956.62	1.38675	7956.96	1.42829	7956.63	2.27204
1512405902107	18.78	7953.78	1.20185	7954.72	1.6207	7954.46	1.71345	7954.56	1.50222	7954.63	2.11503
1512405903152	18.77	7955.67	1.65831	7955.84	1.65025	7955.92	1.5525	7955.6	1.5	7955.12	2.15423
1512405904259	18.77	7953.67	1.65831	7954.56	1.95959	7954.15	1.90815	7954.16	1.7	7954.3	2.05975
1512405905331	18.77	7952.78	1.48137	7953.6	1.63299	7953.31	1.54837	7953.32	1.54704	7953.74	2.28793
1512405906344	18.77	7952.11	1.90029	7952.84	1.86369	7952.77	1.92154	7952.6	1.58114	7952.87	2.12683
1512405907373	18.77	7950.44	1.81046	7950.96	1.79072	7950.92	1.89128	7950.8	1.70783	7951.38	2.17633
1512405908460	18.76	7949.44	2.06828	7950.24	1.92094	7949.77	1.87767	7950.08	1.82392	7950.66	2.0579
1512405909510	18.76	7948.78	2.27913	7949.28	1.94765	7949.08	1.97744	7949.2	1.82574	7949.02	2.24415
1512405910548	18.76	7946.78	0.971825	7947.8	1.52753	7947.23	1.23517	7947.44	1.41657	7947.55	2.17919
1512405911574	18.76	7945.78	1.30171	7946.44	1.70978	7946.23	1.30089	7946.12	1.39403	7946.54	2.25458
1512405912677	18.75	7944.33	1.22474	7945.08	1.63095	7945	1.58114	7945.12	1.53623	7945.5	2.32765
1512405913816	18.75	7946.11	1.53659	7946.36	1.72916	7946.62	1.60927	7946.36	1.68028	7945.83	2.30642
1512405914867	18.74	7942.33	1.80278	7943.52	1.8735	7943.08	1.93484	7943.24	1.73877	7943.82	2.30941
1512405915892	18.74	7942.67	1	7943.76	1.53514	7943.54	1.61325	7943.92	1.57903	7944.17	2.10574
1512405916981	18.74	7943.89	1.61589	7944.52	1.89561	7944.31	1.75046	7944.44	2.08327	7945.01	2.5083
1512405918033	18.72	7942.67	1.22474	7942.72	1.54164	7943	1.1547	7942.72	1.76824	7943.11	1.99412
1512405919120	18.72	7943.44	1.01379	7944.28	1.6207	7944.23	1.58923	7944.48	1.80555	7944.28	2.32886
1512405920214	18.72	7944.67	2.34521	7945.28	2.03142	7945.31	2.21302	7945.04	2.16949	7944.32	2.2315
1512405921228	18.72	7942.56	2.06828	7943.84	2.01412	7943.46	2.29548	7943.52	2.16256	7943.69	2.13276
1512405922249	18.72	7942	1.32288	7942.72	1.67133	7942.46	1.33012	7942.68	1.8868	7943.16	2.34447
1512405923291	18.71	7941.78	1.39443	7942.76	1.56205	7942.38	1.7097	7942.68	1.77294	7943.12	2.14454
1512405924316	18.69	7941.89	1.96497	7942.64	1.72916	7942.46	1.89804	7942.44	1.91659	7943	2.23374
1512405925342	18.71	7939.67	1.87083	7940.96	1.92527	7940.54	2.14536	7940.8	1.95789	7941.76	2.09045
1512405926416	18.69	7940.78	1.85592	7940.92	1.77764	7941.15	1.67562	7940.96	1.67033	7941.41	2.2417
1512405927494	18.69	7939.89	1.45297	7940.92	1.52534	7940.54	1.6641	7940.84	1.46287	7941.47	2.32068
1512405928533	18.68	7940.22	1.48137	7940.88	1.50886	7940.92	1.84669	7941	1.60728	7941.31	2.06073
1512405929545	18.68	7939.89	1.36423	7940.56	1.41657	7940.31	1.54837	7940.56	1.47422	7941.16	2.1409
1512405930569	18.68	7940.67	1.73205	7940.68	1.62583	7941	1.52753	7940.64	1.68028	7940.73	1.98692
1512405931622	18.67	7940.22	1.85592	7940.08	1.73013	7940.46	1.71345	7939.92	1.73013	7939.93	1.96867
1512405932668	18.67	7939.67	1.58114	7939.96	1.69509	7939.85	1.40512	7939.96	1.3687	7939.99	2.23955
1512405933760	18.67	7938.11	1.45297	7938.88	1.85562	7938.54	1.5064	7938.76	1.33167	7938.78	2.24868
1512405934852	18.66	7938.11	1.76383	7938.48	1.8735	7938.77	1.83275	7938.56	1.75784	7938.77	2.24301
1512405935925	18.67	7939.22	1.92209	7939.08	1.97737	7939.77	1.83275	7939.2	1.93649	7938.77	2.26443
1512405936967	18.66	7937.67	1.73205	7937.96	1.61967	7938.23	1.73944	7938.08	1.52534	7938.42	2.14209
1512405938043	18.66	7936	1.87083	7936.68	1.67631	7936.54	1.8081	7936.64	1.8	7936.96	2.01514
1512405939129	18.66	7938.11	1.69148	7938.12	2.04776	7938.23	1.73944	7938.28	1.83757	7937.7	2.11956
1512405940158	18.66	7937.22	1.71594	7937.2	2.27303	7937.31	2.01596	7937.2	1.97906	7937.16	1.98607
1512405941183	18.65	7936.67	1.80278	7936.96	1.79072	7936.92	1.75412	7937	1.82574	7936.87	2.15513
1512405942221	18.66	7936.44	1.50923	7937	1.65831	7936.62	1.55662	7936.88	1.78699	7936.89	2.17884
1512405943338	18.65	7935.11	2.52212	7935.8	2.16025	7935.38	2.36426	7935.84	2.33952	7936.42	2.34854
1512405944400	18.65	7935.33	1.80278	7935	1.58114	7935.38	1.60927	7935.16	1.67531	7935.37	2.15921
1512405945411	18.66	7937	1.58114	7936.52	2.0232	7937.15	2.11527	7936.76	1.92094	7936.65	2.17471
1512405946458	18.65	7936.22	1.71594	7936.04	1.74356	7936.46	1.8081	7936.12	1.76352	7935.77	2.33018
1512405947567	18.65	7935.67	1.5	7935.44	1.85023	7935.69	1.79743	7935.4	1.89297	7935.73	2.05706
1512405948591	18.65	7933.67	2	7933.76	1.69017	7933.85	1.86396	7933.92	1.77764	7934.95	2.22378
1512405949601	18.64	7934.22	1.30171	7934.56	1.85023	7934.54	1.61325	7934.76	1.83212	7935.27	2.38752
1512405950648	18.65	7935.89	1.05409	7935.88	1.71561	7936.23	1.7867	7936	1.75594	7935.63	2.19953
1512405951654	18.65	7933.11	1.16667	7933.48	1.5843	7933.31	1.6525	7933.36	1.823	7933.83	2.03446
1512405952727	18.64	7933.56	2.18581	7933.88	1.69115	7933.69	1.84321	7933.56	1.91659	7933.76	2.36902
1512405953833	18.64	7934.44	1.01379	7934.24	1.26754	7934.46	0.967418	7934.2	1.52753	7934.33	2.39006
1512405954843	18.65	7933	1.32288	7933.32	1.4922	7933.46	1.33012	7933.16	1.57268	7933.74	2.28163
1512405955863	18.63	7933.44	1.23603	7933.28	1.54164	7933.69	1.31559	7933.32	1.31403	7933.1	2.13738
1512405956910	18.64	7933.22	0.833333	7933.44	1.52971	7933.69	1.25064	7933.56	1.35647	7933.33	2.21787
1512405957936	18.64	7932.67	1	7933.04	1.42829	7933.31	1.6525	7932.96	1.42829	7933.28	2.01154
1512405958962	18.63	7931.89	0.927961	7932.8	1.32288	7932.31	1.1094	7932.72	1.76824	7933.41	2.19215
1512405959996	18.64	7931	1.11803	7931.88	1.61555	7931.69	1.49358	7931.92	1.57903	7932.42	2.00651
1512405961024	18.65	7932	1.73205	7933.04	1.94679	7932.92	2.06	7932.96	1.92527	7933.43	2.22123
1512405962065	18.64	7932.44	1.13039	7933.4	1.52753	7933.23	1.58923	7933.28	1.42945	7934.25	2.16333
1512405963110	18.64	7932.67	1.93649	7934.08	2.34379	7933.46	2.18386	7934	2.36291	7933.62	2.19539
1512405964203	18.63	7931.56	1.50923	7932.72	1.59478	7932.31	1.79743	7932.4	1.65831	7932.87	2.14301
1512405965296	18.63	7931.56	1.01379	7932.16	1.86369	7932	1.41421	7932.08	1.75404	7932.85	2.23832
1512405966382	18.63	7932	1.32288	7932.28	1.69607	7932.46	1.56074	7932.24	1.69017	7932.6	2.25286
1512405967426	18.64	7931.67	1.5	7932.56	1.63503	7932.31	1.70219	7932.44	1.44568	7932.66	2.14222
1512405968534	18.64	7930.67	1.93649	7931.32	1.67631	7931.23	1.83275	7931.04	1.79072	7931.51	2.19402
1512405969605	18.63	7929.78	1.64148	7930.32	1.8868	7930.31	1.84321	7930.28	1.98997	7931.63	2.30814
1512405970683	18.63	7931.22	1.7873	7931.4	1.58114	7931.62	1.80455	7931.56	1.82757	7931.97	2.14193
1512405971734	18.63	7930.56	1.424	7931.96	2.22636	7931.69	2.25036	7931.72	2.18937	7932.33	2.39224
1512405972759	18.63	7930.33	1.93649	7931.52	2.16256	7931.46	2.40192	7931.44	2.21886	7932.59	2.28977
1512405973763	18.63	7930.56	1.66667	7931.28	1.98997	7931.46	2.18386	7931.28	1.98997	7932	2.2981
1512405974815	18.62	7931.44	1.424	7932.04	1.67033	7932.23	1.96443	7932.2	1.68325	7932.28	2.18767
1512405975857	18.63	7932.78	1.30171	7933.28	1.86011	7933.38	1.80455	7933.24	1.69017	7932.62	2.35366
1512405976882	18.62	7932.67	1.5	7933.16	1.7	7933.23	1.83275	7933.24	1.94251	7934.24	2.35964
1512405977993	18.62	7932.22	1.7873	7932.96	1.90351	7932.62	1.60927	7933.04	1.79072	7933.32	2.33194
1512405979026	18.61	7935.78	3.45607	7935.48	2.85949	7936	3.10913	7935.76	2.63439	7934.98	2.37381
