Timetstamp	FPA	C9	Sigma	C25	Sigma	D13	Sigma	D25	Sigma	R8	Sigma
1512408518097	23.44	7868.89	1.2693	7868.88	1.98578	7868.69	1.70219	7869.12	2.04776	7869.31	2.43386
1512408519670	23.56	7889.33	2.06155	7888.56	1.91659	7889.15	1.90815	7888.44	2.00167	7887.36	2.06989
1512408520750	23.56	7883.67	1.73205	7883.04	1.74356	7883.46	1.8081	7883.04	1.74356	7882.15	1.91749
1512408521809	23.56	7883	1.11803	7882.72	1.6207	7882.77	1.58923	7882.44	1.66032	7882.49	1.94484
1512408522836	23.55	7889.22	2.10819	7887.92	2.49867	7888.54	2.29548	7887.88	2.53837	7887.48	2.57
1512408523876	23.55	7895.33	2.73861	7894.48	2.29347	7894.77	2.74329	7893.8	2.66145	7893.54	2.21731
1512408524950	23.55	7898.89	1.36423	7898.08	1.32035	7898.54	1.45002	7897.88	1.53623	7899.02	2.26724
1512408525971	23.55	7901.89	1.69148	7901.2	1.41421	7901.69	1.6525	7901.28	1.42945	7901.57	1.79308
1512408527003	23.56	7905.33	2.23607	7904.96	1.98914	7905.08	2.10006	7904.88	2.18556	7904.88	2.07793
1512408528092	23.59	7906.67	1.93649	7907.2	1.73205	7907	1.91485	7906.96	2.05102	7907.21	2.21936
1512408529165	23.59	7909	1.65831	7908.72	1.54164	7909.08	1.70595	7908.84	1.59896	7909.65	2.64579
1512408530267	23.59	7910.56	2.06828	7910.52	1.82848	7910.77	1.92154	7910.28	1.90438	7910.78	2.34394
1512408531327	23.6	7912.44	1.74005	7913	2.08167	7912.92	2.2532	7912.84	2.09523	7912.7	2.04145
1512408532353	23.59	7912.11	1.2693	7912.68	1.62583	7912.46	1.61325	7912.32	1.65126	7912.57	1.85869
1512408533391	23.6	7912.11	1.76383	7912.12	2.02731	7912.46	2.29548	7911.84	2.0347	7912.12	1.89882
1512408534458	23.61	7912	2.34521	7912.84	1.95107	7912.85	2.54448	7912.76	1.98494	7912.55	1.93889
1512408535610	23.6	7911.44	1.66667	7912.32	1.62583	7911.92	1.89128	7911.8	1.77951	7912.5	2.12163
1512408536639	23.61	7912	1.65831	7912.2	2.02073	7912.38	1.75777	7912	2.02073	7911.57	2.05815
1512408537665	23.61	7911	2.17945	7911	1.82574	7911.08	1.89128	7910.8	1.91485	7910.63	2.00894
1512408538691	23.61	7910.56	1.87824	7910.16	1.74833	7910.38	1.7097	7909.88	1.78699	7910.05	2.03432
1512408539716	23.61	7909.11	2.26078	7908.76	1.89912	7909.23	2.04751	7908.6	2	7908.93	2.02457
1512408540742	23.61	7908.22	2.16667	7908.6	2	7908.69	2.13638	7908.48	2.0025	7908.59	2.17785
1512408541816	23.61	7907	1.93649	7907.08	1.68127	7907.08	1.97744	7906.72	1.83757	7907.41	2.27399
1512408542891	23.61	7907.56	1.81046	7906.84	1.72434	7907.38	1.66024	7906.56	1.89473	7906.34	2.22606
1512408543927	23.61	7905.78	1.98606	7905.68	1.86458	7906	2.04124	7905.24	1.96384	7905.59	2.06744
1512408544972	23.6	7905.11	1.36423	7905.24	1.39284	7905.15	1.21423	7904.84	1.51877	7905.17	2.10987
1512408545993	23.59	7906	2.17945	7905.28	1.94765	7905.77	2.0064	7905.28	2.05183	7904.81	2.23524
1512408547010	23.59	7903.11	1.90029	7903.24	1.66533	7903.31	1.70219	7903.24	1.64012	7903.42	2.10055
1512408548036	23.59	7902.78	1.85592	7902.4	1.65831	7902.46	1.8081	7902.44	1.68523	7902.6	2.22495
1512408549045	23.59	7902.11	2.08833	7902	2.04124	7901.92	2.17798	7902	2.02073	7902.34	2.0507
1512408550087	23.57	7902.56	1.424	7902.2	1.60728	7901.92	1.75412	7901.84	1.81842	7901.67	1.84057
1512408551113	23.56	7902.44	1.5899	7901.96	1.7195	7901.92	1.84669	7902	2.02073	7901.5	1.92604
1512408552138	23.56	7902.22	1.71594	7901.24	1.80924	7901.85	1.77229	7901.48	1.66132	7900.85	1.93467
1512408553164	23.56	7900.89	1.16667	7900.04	1.3687	7900.69	1.25064	7900.08	1.41185	7900.13	1.91996
1512408554204	23.56	7899	1.65831	7898.4	1.41421	7898.69	1.60128	7898.44	1.50222	7898.18	1.95343
1512408555264	23.56	7897	1.58114	7896.72	1.6207	7896.77	1.69085	7896.52	1.71075	7896.68	1.93342
1512408556339	23.55	7895.78	1.48137	7895.96	1.2741	7895.77	1.23517	7895.76	1.39284	7896.53	2.02342
1512408557391	23.54	7894.67	1.87083	7894.8	1.52753	7894.69	1.75046	7894.48	1.5843	7894.93	1.98561
1512408558551	23.53	7894.22	2.04803	7894.68	1.70098	7894.31	1.70219	7894.4	1.87083	7895.51	2.48981
1512408559660	23.53	7894.11	2.08833	7894	1.44338	7893.77	1.83275	7893.68	1.7253	7894.19	2.16495
1512408560719	23.53	7895.11	2.75882	7894.48	2.06398	7894.77	2.38586	7894.24	2.10713	7893.5	2.12408
1512408561745	23.52	7892.33	1.73205	7892.56	1.41657	7892.15	1.51911	7892.12	1.76352	7892.5	1.94488
1512408562785	23.51	7892.33	1.65831	7892.8	1.55456	7892.08	1.44115	7892.24	2.02649	7892.47	2.00012
1512408563796	23.51	7892.56	1.424	7892.56	1.32539	7892.31	1.4367	7892.24	1.5885	7892.78	2.00185
1512408564902	23.51	7892.67	1.73205	7892.48	1.5308	7892.54	1.71345	7892.36	1.65529	7892.51	1.85438
1512408565995	23.51	7893.11	2.14735	7893.16	1.67531	7893.08	1.89128	7892.64	1.97653	7892.2	1.88071
1512408567067	23.5	7892.78	2.04803	7893	1.47196	7892.69	1.88788	7892.84	1.65025	7892.52	1.98456
1512408568093	23.5	7891.56	1.74005	7891.92	1.63095	7891.69	1.79743	7891.6	1.82574	7891.38	2.02509
1512408569119	23.5	7890.33	1.80278	7890.4	1.41421	7890.46	1.85362	7889.92	1.93477	7890.1	1.90549
1512408570195	23.5	7889.44	1.81046	7890.08	1.75404	7889.31	1.6525	7889.64	1.70489	7890.24	2.08046
1512408571218	23.5	7889	1.93649	7889.12	1.56312	7888.69	1.75046	7888.76	1.47986	7888.98	2.09781
1512408572245	23.48	7888.11	1.53659	7888	1.38444	7887.85	1.57301	7887.88	1.33292	7888.78	2.11992
1512408573319	23.49	7890	1.73205	7889.76	1.45144	7889.62	1.60927	7889.72	1.45831	7889.52	1.94747
1512408574370	23.48	7888.89	2.848	7888.52	2.16256	7888.77	2.68185	7888.44	2.23756	7888.1	2.04625
1512408575433	23.48	7887.56	1.94365	7887.04	1.69509	7887.46	2.02548	7887.04	1.7195	7886.77	1.93179
1512408576457	23.47	7885.44	1.23603	7885.08	1.6052	7885.23	1.69085	7885.08	1.57903	7884.99	1.99476
1512408577488	23.47	7885.11	1.90029	7884.64	1.60416	7884.77	1.83275	7884.4	1.82574	7884.52	1.95814
1512408578561	23.47	7884.67	2.54951	7885.4	2.17945	7884.92	2.49872	7885.12	2.31517	7885.25	2.28453
1512408579603	23.45	7885.11	1.96497	7885.04	1.74356	7885	2.08167	7884.76	1.87705	7885.15	2.12211
1512408580613	23.47	7884.89	2.47207	7885.04	1.61967	7885	2.16025	7884.84	1.79536	7885.21	2.23573
1512408581685	23.47	7884.33	2	7884.52	1.44684	7884.46	1.76141	7884.28	1.59478	7885.04	2.13935
1512408582794	23.45	7882.11	2.02759	7882.32	1.65126	7882.08	1.801	7882.12	1.78699	7882.01	2.37169
1512408583866	23.45	7883	1.93649	7882.44	1.55671	7882.54	1.85362	7882.24	1.71464	7882.55	2.12583
1512408584894	23.44	7884	1.32288	7883.48	1.44684	7883.77	1.5359	7883.52	1.50333	7883.93	2.40672
1512408585900	23.44	7882.89	2.26078	7883.32	1.81934	7883	2.16025	7883.08	1.91311	7883.47	2.23843
1512408587011	23.43	7883.33	1.58114	7883.04	1.59374	7883.15	1.99358	7882.8	1.75594	7883.37	2.28576
1512408588036	23.44	7883.44	1.81046	7882.8	1.63299	7883.31	1.6525	7882.76	1.73877	7882.81	2.0657
1512408589112	23.43	7884.22	1.20185	7884.2	1.63299	7884.38	1.93815	7883.92	1.93477	7882.82	2.12624
1512408590202	23.44	7882.56	1.74005	7882.84	1.97231	7882.77	2.45472	7882.56	2.23756	7882.13	2.13815
1512408591325	23.43	7880.33	2.06155	7880.2	1.89297	7880	1.95789	7880.16	1.95107	7880.12	2.07291
1512408592351	23.44	7879.89	1.69148	7879.64	1.68028	7879.62	2.06311	7879.56	1.85023	7879.7	2.15611
1512408593440	23.44	7880.56	1.5899	7879.48	1.91746	7879.69	2.32324	7879.52	1.96044	7878.87	2.23665
1512408594459	23.43	7878.22	2.10819	7877.8	1.75594	7878	2.19848	7877.68	1.77294	7877.91	1.97421
1512408595542	23.43	7877.44	1.94365	7877.76	1.85472	7877.77	1.87767	7877.68	1.90875	7877.46	2.05887
1512408596629	23.41	7877.56	2.06828	7877.88	1.64114	7877.54	1.98391	7877.72	1.64621	7877.31	2.12787
1512408597723	23.42	7876.44	1.50923	7876.52	1.5308	7876.08	1.75412	7876.32	1.67631	7876.41	2.06261
1512408598749	23.42	7877.11	1.90029	7877.24	1.89912	7877.23	1.96443	7877.24	1.94251	7876.61	2.07675
1512408599819	23.42	7877.33	1.58114	7877.12	1.53623	7877.15	1.57301	7877.04	1.69509	7876.41	1.95877
1512408600914	23.42	7876.11	2.08833	7876.24	2.10713	7876.08	1.93484	7876.08	2.23458	7875.52	2.01317
1512408601940	23.42	7874.78	1.7873	7874.8	1.70783	7874.85	1.62512	7874.72	1.88237	7874.71	2.07132
1512408602965	23.41	7874.33	1.58114	7874.92	1.6563	7874.77	1.83275	7874.68	1.7253	7874.89	2.07853
1512408603991	23.41	7875.11	1.2693	7874.96	1.56738	7874.92	1.44115	7874.8	1.73205	7875.14	1.93275
1512408605016	23.4	7874.67	1.32288	7874.68	1.81934	7874.38	1.55662	7874.28	2.03142	7875.21	2.09378
1512408606045	23.4	7873.89	1.69148	7874.32	1.51987	7873.92	1.5525	7873.96	1.7673	7874.15	1.93102
1512408607182	23.4	7874	2.5	7873.88	1.61555	7874.08	2.13937	7873.72	1.81475	7873.6	2.04415
1512408608268	23.39	7874.44	2.24227	7874.88	1.78699	7874.77	2.24179	7874.76	1.78606	7875.04	1.95212
1512408609331	23.39	7876	2.64575	7875.96	2.05102	7876.23	2.65059	7875.92	2.13931	7875.51	2.08943
1512408610564	23.38	7875.33	2.39792	7875.72	1.92614	7875.31	2.25036	7875.36	1.9975	7875.45	2.05355
1512408611580	23.38	7874.33	2.29129	7874.44	1.93821	7874.23	2.08782	7874.12	2.04776	7874.21	2.17432
1512408612585	23.38	7874.78	2.77389	7874.36	2.32522	7874.77	2.58695	7874.36	2.36079	7875.05	2.2907
1512408613608	23.38	7875.44	2.06828	7874.8	1.63299	7875.23	1.87767	7874.56	1.98074	7874.67	2.0114
1512408614688	23.37	7876	2.29129	7875.88	1.98578	7876.15	2.44425	7875.72	2.17025	7875.34	2.17838
1512408615693	23.36	7875.22	2.43812	7875.44	1.89473	7875.23	2.16617	7875.12	2.26053	7875.46	2.34729
1512408616863	23.37	7875.22	1.56347	7874.6	1.44338	7875	1.41421	7874.48	1.61038	7874.62	2.05318
1512408617894	23.37	7873.78	1.71594	7873.52	1.55778	7873.92	1.49786	7873.4	1.65831	7873.68	2.05867
1512408619034	23.37	7878.56	2.4037	7878.12	2.48864	7878.15	2.57702	7877.88	2.6032	7876.34	2.59518
1512408620060	23.36	7875.11	1.76383	7875.8	1.82574	7875.08	1.60528	7875.4	1.77951	7875.49	2.09689
1512408621085	23.34	7876	1.32288	7875.52	1.29486	7875.62	1.38675	7875.44	1.26095	7875.49	1.85438
1512408622187	23.34	7876.44	2.00693	7876.4	2.02073	7876.38	1.85016	7876.28	2.03142	7876.21	2.22941
1512408623236	23.34	7876.22	1.64148	7876	1.97906	7876.15	1.72463	7875.8	2.02073	7875.65	2.17196
1512408624268	23.34	7875.44	1.50923	7875.32	1.31403	7875.08	1.5525	7874.96	1.6452	7875.38	2.11811
1512408625409	23.34	7876.22	1.64148	7875.24	1.42244	7875.69	1.70219	7875.08	1.57903	7874.52	2.09183
1512408626443	23.33	7875.78	1.85592	7875.28	1.98997	7875.31	2.13638	7875.2	2.02073	7874.82	2.17305
1512408627565	23.34	7874.11	1.36423	7874.36	1.60416	7873.92	1.65638	7873.96	1.7673	7874.35	2.02593
1512408628616	23.33	7873.33	1.87083	7873.44	1.78139	7873.15	1.72463	7873.08	1.86905	7873.65	1.97911
1512408629665	23.33	7875.67	1.93649	7876.04	1.67033	7875.69	1.79743	7875.6	2.04124	7875.34	1.93798
1512408630686	23.33	7875.44	1.81046	7875.56	1.63503	7875.23	1.64083	7875.16	1.95107	7874.82	1.87084
1512408631798	23.33	7874.56	1.94365	7874.76	1.64012	7874.38	1.75777	7874.4	1.84842	7874.2	1.77822
1512408632823	23.33	7874.56	1.94365	7874.84	1.67531	7874.38	1.75777	7874.44	1.80462	7874.57	1.99126
1512408633849	23.33	7874	1.80278	7874.4	1.73205	7874.08	1.70595	7874	1.95789	7874.85	2.26918
1512408634875	23.33	7874.44	2.06828	7875.08	1.97737	7874.54	2.02548	7874.68	2.05589	7874.91	2.18461
1512408635901	23.33	7875.33	1.5	7875.52	1.32665	7875.15	1.40512	7875.12	1.69115	7874.52	1.96869
1512408636936	23.33	7874.89	1.2693	7875	1.65831	7874.69	1.37747	7874.76	1.66533	7874.81	2.08405
1512408637961	23.32	7874.67	2.39792	7874.2	1.80278	7874.54	2.02548	7874.12	1.76352	7873.67	2.00101
1512408639021	23.33	7873.89	2.08833	7873.8	1.47196	7873.85	1.90815	7873.76	1.64012	7873.65	2.04601
1512408640116	23.32	7873.33	1.58114	7873.48	1.44684	7873.31	1.70219	7873.48	1.44684	7873.23	1.90936
1512408641192	23.32	7872.67	1.93649	7872.8	1.93649	7872.54	1.76141	7872.44	1.95959	7872.31	2.1082
1512408642220	23.32	7872.22	2.10819	7872.32	1.90875	7872	1.77951	7871.96	1.94679	7872.03	2.12845
1512408643298	23.32	7872.22	1.98606	7872.24	1.53514	7872.23	1.64083	7871.92	1.6563	7871.78	2.311
1512408644317	23.31	7871.44	1.87824	7871.64	1.65529	7871.38	1.66024	7871.4	1.47196	7871.47	2.1189
1512408645369	23.31	7872.56	2.45515	7872.68	1.8868	7872.46	2.29548	7872.24	2.22261	7872.58	2.14452
1512408646417	23.31	7873.11	2.02759	7873.32	1.79629	7872.85	1.86396	7872.84	2.15407	7872.25	2.1318
1512408647521	23.31	7872.44	1.424	7873.12	1.64114	7872.54	1.6641	7872.72	1.96893	7872.44	2.15005
1512408648560	23.32	7873.44	1.74005	7873.88	1.96469	7873.54	1.71345	7873.48	1.80555	7872.79	2.09875
1512408649588	23.31	7873	1.87083	7872.84	1.65025	7872.62	1.7097	7872.32	1.70098	7872.22	1.89217
1512408650635	23.31	7872.11	1.69148	7872.4	1.82574	7872.15	1.77229	7872.12	1.9218	7872.6	2.18456
1512408651638	23.31	7873	2	7873.52	1.93907	7873.23	2.0064	7873.32	2.03552	7873.22	2.00891
1512408652684	23.31	7873.11	1.90029	7873.24	2.10713	7873.08	2.21591	7872.68	2.35797	7872.74	2.02207
1512408653821	23.32	7874.67	1.93649	7874.8	1.91485	7874.54	2.02548	7874.28	2.22711	7873.73	2.02843
1512408654947	23.31	7872.89	2.36878	7873.04	1.85921	7873	2.08167	7872.84	1.90788	7872.83	1.99395
1512408655987	23.31	7872.33	1.32288	7872.44	1.44568	7872.31	1.4367	7872.24	1.80924	7872.49	1.97937
1512408657012	23.3	7871.44	1.424	7871.44	1.38684	7871.38	1.26085	7871.36	1.35031	7871.68	1.95752
1512408658038	23.31	7871.33	1.5	7871.88	1.73973	7871.23	1.36344	7871.76	1.69017	7872.16	1.93383
1512408659065	23.31	7872.22	1.64148	7872.76	1.80924	7872.15	1.51911	7872.24	1.89912	7872.69	2.20008
1512408660174	23.32	7870.22	2.58736	7870.32	2.05589	7870.08	2.21591	7870.04	2.13073	7870.13	2.28958
1512408661200	23.32	7871.22	2.22361	7871.08	2.03961	7871	2.08167	7870.84	2.26716	7870.68	2.49592
1512408662245	23.32	7870.11	1.45297	7870.4	1.73205	7870.15	1.90815	7870.08	2.03961	7870.08	2.14655
1512408663257	23.31	7869.44	1.74005	7869.6	1.65831	7869.23	1.69085	7869.32	1.74929	7869.64	2.12418
1512408664261	23.3	7868.44	1.87824	7868.8	1.52753	7868.46	1.6641	7868.52	1.78232	7869.47	2.2982
1512408665344	23.3	7871.56	1.81046	7871.36	1.84572	7871.31	1.70219	7871.28	1.96893	7871.4	2.28478
1512408666426	23.3	7871.11	2.36878	7870.84	2.76405	7870.77	2.20431	7870.96	2.55734	7871.35	2.39361
1512408667452	23.31	7870.44	1.74005	7870.48	1.85113	7870.38	1.50214	7870.32	1.90875	7870.51	2.12894
1512408668535	23.3	7873.11	2.31541	7872.28	2.31876	7872.38	2.25605	7871.92	2.5318	7871.03	2.12484
1512408669631	23.3	7870.89	2.14735	7870.84	1.772	7870.62	2.02231	7870.68	1.90875	7870.4	2.10465
1512408670670	23.29	7870.78	1.48137	7870.2	1.35401	7870.54	1.33012	7870.2	1.44338	7870.3	2.00074
1512408671715	23.29	7870.11	1.45297	7870.04	1.2741	7870	1.29099	7869.88	1.42361	7869.87	1.93716
1512408672756	23.3	7871.11	1.69148	7871.6	1.32288	7871.31	1.49358	7871.32	1.51987	7871.22	2.18286
1512408673850	23.29	7870.89	1.83333	7870.84	1.54596	7871	1.58114	7870.68	1.77294	7870.51	2.09938
1512408674875	23.29	7869.89	1.76383	7870.84	2.30362	7870.31	2.28709	7870.2	2.76887	7869.75	2.27768
1512408675901	23.3	7868.11	2.14735	7869.76	2.47117	7868.69	2.32324	7869.08	2.70678	7869.73	2.29355
1512408676986	23.3	7870.78	2.63523	7871.6	2.06155	7871	2.41523	7871.12	2.36854	7870.22	2.33057
1512408678066	23.29	7869.67	3.24037	7869.6	2.08167	7869.69	2.78043	7869.56	2.08327	7869.68	2.05153
1512408679092	23.29	7870.22	2.48886	7869.88	1.9	7870.08	2.28989	7869.64	2.01825	7869.56	2.23774
1512408680118	23.29	7870.11	2.26078	7869.88	1.87794	7870.08	2.01914	7869.68	1.79629	7869.53	2.07175
1512408681144	23.29	7870.11	1.96497	7870.16	1.7	7869.85	1.81871	7869.92	1.6563	7870.22	2.29063
1512408682169	23.3	7869.56	2.00693	7869.08	1.80093	7868.92	2.10006	7868.88	1.81016	7869.17	2.08836
1512408683194	23.28	7870	2.12132	7869.48	1.98158	7869.77	1.96443	7869.28	2.24574	7868.63	2.04236
1512408684220	23.3	7870.78	1.48137	7870.36	1.72916	7870.54	1.56074	7870.2	1.75594	7869.54	2.0915
1512408685258	23.29	7869.33	2.06155	7869.52	1.63605	7869	1.82574	7869.24	1.73877	7868.62	2.04841
1512408686304	23.3	7868.33	2.12132	7868.68	1.77294	7868.38	2.02231	7868.28	1.90438	7868.36	2.12908
1512408687411	23.3	7867.44	2.24227	7867.68	1.7253	7867.38	1.93815	7867.56	1.82757	7868.1	2.44644
1512408688437	23.31	7870.22	1.98606	7868.96	1.7673	7869.38	2.14237	7868.88	1.85562	7868.22	2.20726
1512408689462	23.3	7867.67	1.65831	7867.56	1.44568	7867.69	1.54837	7867.48	1.47535	7866.94	1.82182
1512408690488	23.3	7869.56	2.18581	7868.6	2.02073	7868.62	2.50128	7868.36	2.19621	7868.11	2.40171
1512408691562	23.31	7868.11	1.2693	7867.68	1.43527	7867.46	1.8081	7867.16	1.88591	7867.12	2.07447
1512408692654	23.3	7867.78	1.98606	7868.36	1.9975	7867.62	1.80455	7867.96	2.13073	7867.6	1.96092
1512408693679	23.3	7866.78	1.30171	7867.08	1.22202	7866.69	1.18213	7866.68	1.31403	7866.49	1.92329
1512408694782	23.31	7865.78	2.16667	7866.48	1.61038	7866.15	1.86396	7866.36	1.57797	7866.66	2.08095
1512408695856	23.3	7866.22	1.92209	7866.12	1.53623	7866.38	1.66024	7866.12	1.58955	7865.97	2.19952
1512408696870	23.3	7866.44	2.00693	7866.36	1.7767	7866.15	1.77229	7866.12	1.71561	7866.05	2.09598
1512408697940	23.31	7866	1.58114	7866.16	1.37477	7865.77	1.5359	7865.84	1.46287	7865.81	2.15214
1512408699080	23.3	7864.22	2.33333	7865.08	2.01908	7864.23	1.96443	7864.64	2.13854	7865.18	2.36732
1512408700107	23.3	7864	2.06155	7864.28	1.64621	7863.85	1.72463	7864.12	1.87794	7864.59	2.18501
1512408701118	23.3	7865.33	2.54951	7865.72	1.90438	7865	2.19848	7865.28	2.11187	7865.53	2.27764
1512408702162	23.3	7865.78	1.85592	7866.64	2.19621	7865.77	2.08782	7866.32	2.37557	7866.21	2.23806
1512408703251	23.3	7865.44	1.50923	7866.24	1.45144	7865.54	1.39137	7865.96	1.59374	7865.88	2.02364
1512408704278	23.3	7867.11	2.08833	7867.4	1.73205	7867.23	1.96443	7867.36	1.95533	7867.23	2.36728
1512408705303	23.3	7866.33	2	7866.96	1.83666	7866.23	1.87767	7866.64	1.75309	7867.47	2.28684
1512408706375	23.3	7863.33	1.5	7864.36	2.36079	7863.46	1.76141	7863.88	2.18556	7865.14	2.22348
1512408707469	23.29	7864.89	1.90029	7865.32	1.65126	7864.92	1.70595	7865.12	1.78699	7865.67	2.01657
1512408708505	23.29	7867	1.73205	7866.96	1.45717	7866.69	1.6525	7866.84	1.43411	7866.96	2.28759
1512408709520	23.29	7866.44	2.35112	7866.64	1.75309	7866.46	2.02548	7866.64	1.8	7866.09	1.9952
1512408710545	23.29	7865.44	2.651	7865.6	1.89297	7865.54	2.29548	7865.6	1.93649	7866.1	2.08657
1512408711616	23.29	7865.89	2.20479	7866.56	1.73397	7866.08	1.93484	7866.32	1.79629	7866.91	2.38956
1512408712719	23.29	7865.11	2.42097	7865.96	1.96808	7865.31	2.09701	7865.72	2.07204	7866.56	2.34014
1512408713721	23.31	7864.22	2.33333	7865.44	1.98074	7864.62	2.2188	7865.32	2.01494	7866.01	2.10156
1512408714874	23.3	7865.44	2.78887	7865.4	1.80278	7865.54	2.36697	7865.36	1.823	7865.28	2.00116
1512408715890	23.29	7864.33	2.06155	7865.04	1.74356	7864.38	1.75777	7864.8	1.80278	7864.89	2.00613
1512408716923	23.3	7865.56	2.00693	7866.12	1.73973	7865.54	2.10616	7865.72	1.98997	7865.59	2.07771
1512408717950	23.29	7864.11	1.2693	7864.56	1.44568	7864.31	1.54837	7864.44	1.60935	7864.67	2.10007
1512408718979	23.29	7867.22	2.04803	7866.8	1.95789	7866.85	1.90815	7866.56	2.04287	7865.84	2.11066
1512408720004	23.3	7867.67	2.12132	7867.56	1.89473	7867.38	2.06311	7867.36	2.09921	7866.84	2.16268
1512408721030	23.3	7866.22	1.56347	7866.4	1.70783	7866.23	1.5359	7866.32	1.67631	7866.23	2.09974
1512408722055	23.29	7864.56	1.66667	7865.36	1.49666	7864.69	1.54837	7864.68	1.95192	7864.65	2.07131
1512408723061	23.29	7865.67	2.73861	7865.68	1.74929	7865.62	2.32875	7865.48	1.8735	7865.91	1.9889
1512408724091	23.29	7868.11	1.76383	7868.2	1.80278	7867.92	1.93484	7867.96	2.11108	7868.03	2.37047
1512408725119	23.29	7867	2.5	7867.44	1.87261	7867	2.3094	7867.2	1.87083	7868.12	2.26961
1512408726169	23.29	7868.11	2.02759	7868.08	2.03961	7867.85	2.26738	7867.72	2.17025	7868.57	2.63915
1512408727194	23.28	7867.33	1.80278	7867.6	1.55456	7867.23	1.69085	7867.48	1.78232	7867.86	2.51994
1512408728220	23.28	7867.33	1.5	7867.44	1.50222	7867.23	1.48064	7867.16	1.62481	7867.8	2.39479
1512408729236	23.27	7868.67	2	7868.16	1.90788	7868.62	1.85016	7868.08	1.82392	7867.92	2.17308
1512408730268	23.29	7868	1.93649	7868.48	1.80555	7868.23	1.73944	7868.24	1.85472	7868.84	2.3805
1512408731385	23.27	7869.44	1.13039	7869.4	1.41421	7869.69	1.60128	7869.24	1.61452	7868.97	2.08643
1512408732438	23.28	7867.22	1.92209	7867.88	1.64114	7867.38	1.75777	7867.52	1.80555	7867.6	2.09224
1512408733463	23.28	7871.56	1.81046	7870.92	1.97737	7871.62	1.80455	7870.84	2.01412	7869.3	2.14157
1512408734608	23.27	7868.78	1.71594	7868.88	1.61555	7869	1.87083	7868.64	2.03879	7868.69	2.1806
1512408735617	23.28	7870.56	2.24227	7870.52	1.82848	7870.69	2.25036	7870.2	2.12132	7869.86	2.33321
1512408736627	23.28	7869.22	2.58736	7869.32	1.95192	7869.15	2.23033	7869.08	1.86905	7869.2	2.22336
1512408737679	23.27	7870.11	1.61589	7869.84	1.46287	7870.08	1.60528	7869.4	1.77951	7869.28	2.21891
1512408738742	23.27	7872	2.12132	7871.68	2.37557	7871.77	2.74329	7871.28	2.57423	7870.81	2.24526
1512408739749	23.27	7871.56	2.45515	7870.68	2.03552	7870.92	2.56455	7870.36	2.32522	7870.57	2.30862
1512408740781	23.27	7871.22	2.22361	7871.92	1.73013	7871.23	2.0064	7871.36	1.95533	7871.54	2.11635
1512408741880	23.27	7870.67	2	7870.8	1.55456	7870.54	1.85362	7870.44	1.93821	7870.55	2.09623
1512408742895	23.28	7870.11	2.02759	7870.36	1.823	7870.08	1.84669	7870.16	1.86369	7871.16	2.30942
1512408743920	23.28	7871.11	1.69148	7871.32	1.57374	7871.08	1.44115	7871.08	1.80093	7871.21	2.04671
1512408744984	23.28	7869.78	2.04803	7869.8	1.93649	7869.62	1.85016	7869.76	2.16564	7869.79	2.0211
1512408746023	23.28	7872	2.06155	7871.92	1.49778	7872.08	1.84669	7871.64	1.7767	7872.08	2.26922
1512408747113	23.27	7871	1.41421	7870.52	1.38804	7870.77	1.48064	7870.28	1.59478	7870.58	2.23258
1512408748139	23.28	7871.22	1.71594	7871	1.77951	7870.92	2.21591	7870.64	2.2151	7870.5	1.98726
1512408749174	23.27	7870.78	1.98606	7870.88	1.69115	7870.92	1.97744	7870.6	2	7871.17	2.12463
1512408750216	23.27	7870.44	1.94365	7870.72	2.17025	7870.31	2.3939	7870.56	2.46779	7870.79	2.36102
1512408751344	23.28	7871.56	1.5899	7871.96	1.74356	7871.77	1.73944	7871.76	1.80924	7871.89	2.06246
1512408752370	23.27	7873.56	1.01379	7873.6	1.65831	7873.46	1.33012	7873.16	1.99332	7873.96	2.15873
1512408753381	23.27	7872.78	1.98606	7872.6	1.70783	7872.54	1.8081	7872.2	2.23607	7872.69	2.05059
1512408754472	23.27	7872.44	1.81046	7871.96	1.59374	7872.08	1.801	7871.6	2.17945	7872.04	2.33937
1512408755479	23.27	7872.11	2.08833	7872.4	1.70783	7872.23	1.83275	7872.28	1.69607	7873.03	2.23585
1512408756518	23.26	7872.56	1.74005	7872.88	1.42361	7872.77	1.5359	7872.64	1.65529	7873.3	2.1435
1512408757542	23.27	7873.56	1.66667	7874.04	1.61967	7873.54	1.61325	7873.48	1.80555	7873.91	2.17646
1512408758638	23.26	7873.22	1.64148	7873.76	1.73877	7873.08	1.60528	7873.52	1.91746	7873.98	2.17101
1512408759652	23.26	7873.22	1.48137	7873.68	1.40594	7873.46	1.45002	7873.44	1.63503	7874.42	1.98038
1512408760699	23.26	7873.33	1.87083	7873.8	1.65831	7873.46	1.76141	7873.32	1.81934	7874.03	2.05879
1512408761744	23.26	7873.56	1.66667	7873.84	1.65025	7873.77	1.7867	7873.48	1.82848	7873.53	2.00264
1512408762789	23.26	7873.67	2.17945	7873.88	1.58955	7873.62	1.89466	7873.56	1.87261	7873.61	2.03595
1512408763802	23.27	7873.67	2.34521	7873.76	1.85472	7873.62	2.02231	7873.44	1.91659	7873.74	2.09603
1512408764889	23.27	7873.11	2.80377	7872.84	2.13464	7873.08	2.53185	7872.72	2.18937	7873.37	2.18527
1512408765939	23.26	7872.67	1.73205	7872.48	1.61038	7872.31	1.93152	7872.24	1.71464	7872.94	2.07823
1512408766990	23.27	7874.78	2.04803	7874.08	2.3615	7874.62	2.32875	7873.92	2.62869	7873.2	2.30095
1512408767993	23.27	7873.89	2.02759	7873.48	1.93907	7873.77	1.92154	7873.32	2.11581	7873.65	2.22912
1512408769057	23.26	7874.56	1.50923	7874.84	1.62481	7874.69	1.88788	7874.36	2.2151	7874.34	2.33977
1512408770157	23.27	7874.89	1.96497	7875.12	1.50886	7874.92	1.801	7874.76	1.85472	7874.99	2.04251
1512408771436	23.27	7873.22	2.22361	7873.44	1.63503	7873.15	1.95133	7872.96	1.96808	7874.06	2.10809
1512408772631	23.26	7873.22	2.22361	7873.44	1.63503	7873.15	1.95133	7872.96	1.96808	7874.06	2.10809
1512408777094	23.07	7899.56	0.881917	7898.36	1.91224	7899.38	0.869718	7898.84	1.65025	7897.57	2.57523
1512408778173	23.13	7888.44	1.50923	7888	1.35401	7888.15	1.40512	7887.96	1.2741	7887.32	1.79948
1512408779199	23.14	7884.56	1.74005	7884.6	2.02073	7884.23	1.96443	7884.36	1.97653	7884.08	2.17308
1512408780224	23.16	7884.67	1.5	7884.32	1.7253	7884.46	2.02548	7884.12	1.66633	7883.63	2.14226
1512408781250	23.18	7884.33	1.87083	7884.64	2.37837	7884.23	2.7735	7884.08	2.30796	7883.91	2.13295
1512408782292	23.2	7886.33	1.5	7886.56	1.63503	7886.54	1.89804	7886.44	1.50222	7886.06	2.02892
1512408783318	23.21	7889	1.22474	7889	1.68325	7888.85	2.03495	7888.8	1.63299	7888.75	2.55824
1512408784353	23.23	7891	1.5	7891.12	1.64114	7891	1.63299	7890.88	1.39403	7891.12	2.19642
1512408785369	23.25	7890.78	1.30171	7890.56	1.70978	7890.62	1.7097	7890.36	1.55134	7890.09	2.12171
1512408786394	23.26	7892.22	0.833333	7892.76	2.43721	7892.08	2.49872	7892.36	2.11896	7892.56	2.15489
1512408787465	23.28	7894.56	0.726483	7893.96	1.7673	7893.92	1.70595	7893.56	1.63503	7893.46	2.2219
1512408788490	23.29	7892.78	1.39443	7892.04	1.96808	7892.31	1.75046	7891.76	1.80924	7892.19	2.5055
1512408789574	23.31	7892.22	1.20185	7892.32	1.81934	7892.15	1.57301	7892	1.60728	7891.82	2.4174
1512408790611	23.31	7895.22	1.98606	7895.08	2.05994	7894.92	1.97744	7894.64	1.75309	7894.07	2.21146
1512408791647	23.32	7896.67	1.41421	7896.16	2.30362	7896	2.3094	7895.84	2.2301	7895.98	2.31831
1512408792673	23.32	7896.33	1.80278	7896.04	1.81384	7895.85	2.0755	7895.64	1.86815	7895.12	2.13632
1512408793679	23.33	7895.78	1.71594	7895.52	1.75879	7895.46	1.94145	7895.08	1.68127	7894.98	2.09284
1512408794703	23.32	7894.22	1.30171	7894.04	1.79072	7893.77	1.92154	7893.96	1.67033	7894.25	2.02916
1512408795707	23.33	7893.78	1.64148	7893.84	2.17332	7893.38	2.43374	7893.68	2.05589	7893.99	2.17586
1512408796752	23.33	7893.11	1.45297	7892.68	1.86458	7892.85	1.77229	7892.88	1.87794	7892.54	2.0538
1512408797791	23.34	7893.89	1.53659	7893.28	1.81475	7893.62	1.93815	7893.24	1.78606	7892.91	2.19412
1512408798816	23.36	7892.56	1.74005	7892.36	1.65529	7892.54	1.71345	7892.32	1.54704	7892.13	2.29412
1512408799934	23.37	7893.22	1.64148	7892.36	2.30723	7892.77	2.0064	7892.32	2.13542	7891.77	2.30937
1512408800990	23.37	7891.89	1.45297	7892.12	2.06801	7891.85	1.81871	7891.8	1.89297	7891.42	2.1055
1512408801991	23.38	7890	1.22474	7890.4	1.73205	7890	1.58114	7890.24	1.69017	7890.22	2.09342
1512408803017	23.38	7889.22	1.71594	7889.12	1.85562	7889.15	2.03495	7889.08	1.99833	7888.82	2.23608
1512408804067	23.37	7888.56	1.74005	7887.72	2.07204	7888.23	1.7867	7887.88	1.94336	7887.33	2.21787
1512408805092	23.38	7887	1.41421	7886.44	1.98074	7886.92	1.65638	7886.44	1.73397	7886.63	2.27662
1512408806141	23.38	7886.56	1.33333	7886.08	1.91311	7886.38	1.85016	7885.96	1.88149	7885.48	2.22227
1512408807237	23.38	7885.67	1.32288	7885.2	2.14087	7885.46	2.10616	7885.04	2.00998	7884.5	2.19166
1512408808287	23.38	7885	1.22474	7884.28	2.07204	7885	1.73205	7884.16	1.86369	7884.07	2.22788
1512408809401	23.38	7884.33	1.41421	7884.2	2.75379	7884.46	2.53691	7883.84	2.4779	7883.95	2.42661
1512408810424	23.38	7883.44	1.01379	7882.88	2.08806	7883.46	1.26592	7882.64	1.7767	7882.28	2.13518
1512408811466	23.38	7881.11	2.08833	7879.96	2.24499	7880.77	1.92154	7879.84	1.97231	7879.98	2.23364
1512408812495	23.37	7881.56	1.23603	7881	1.97906	7881.46	1.71345	7880.8	1.73205	7880.55	2.52259
1512408813501	23.38	7881.22	1.85592	7880.76	2.31445	7881	2.19848	7880.72	1.96893	7880.52	2.1844
1512408814527	23.38	7879	2.23607	7879.16	2.49466	7879.15	2.47811	7878.88	2.06801	7878.71	2.19345
1512408815553	23.38	7879	1.58114	7878.76	2.16564	7878.85	2.03495	7878.28	1.86011	7877.72	2.14248
1512408816578	23.38	7878.22	1.64148	7877.12	2.00666	7877.77	1.7867	7877.04	1.83666	7876.84	2.27076
1512408817620	23.37	7877.11	1.90029	7877.08	1.99833	7877	2.04124	7876.84	1.72434	7877.26	2.42762
1512408818645	23.38	7876.22	2.04803	7876.52	2.4173	7876.31	2.49615	7876.24	2.0672	7876.33	2.29671
1512408819671	23.38	7875.78	1.85592	7875.04	2.18861	7875.38	2.06311	7874.88	2.08806	7875.04	2.23461
1512408820697	23.37	7876.67	1.65831	7876.28	2.66958	7876.23	2.42053	7876.04	2.28181	7875.63	2.22308
1512408821723	23.37	7874.56	2.35112	7874.12	2.24202	7874.23	2.58695	7874.16	2.01412	7874	2.13112
1512408822846	23.38	7875.56	2.24227	7875.2	2.67706	7875	3.26599	7874.88	2.66646	7874.9	2.41946
1512408823865	23.37	7874.33	1.65831	7874.24	1.92094	7874.08	2.10006	7874	1.75594	7874.01	2.55153
1512408825023	23.38	7874.44	1.50923	7874.08	1.80093	7874.38	2.02231	7874.04	1.81384	7874.11	2.29437
1512408826086	23.37	7874	1.41421	7873.2	1.75594	7873.46	1.8081	7873	1.58114	7873.02	2.12739
1512408827127	23.37	7872.33	2	7871.68	1.8868	7872	2.19848	7871.6	1.87083	7871.32	2.37798
1512408828218	23.37	7871.44	1.5899	7871.56	2.04287	7871.54	1.85362	7871.2	1.87083	7871.15	2.36141
1512408829244	23.37	7874.11	2.14735	7873.36	1.91224	7873.92	2.01914	7873.12	1.9218	7871.94	2.2445
1512408830315	23.37	7871.44	2.00693	7871.08	1.95619	7871.15	2.1543	7870.76	1.80924	7870.69	2.20436
1512408831345	23.37	7871.22	1.64148	7871.32	2.07605	7871	2.19848	7870.96	1.98914	7870.87	2.15996
1512408832435	23.37	7871.67	2	7871.08	2.37908	7871.15	2.44425	7870.76	2.29637	7870.6	2.25264
1512408833461	23.38	7870.67	1.80278	7870.12	2.20454	7870.23	2.12736	7869.92	1.86905	7870.28	2.14734
1512408834564	23.36	7870.56	2.4037	7870.24	2.00582	7870.46	2.25889	7870.28	1.98997	7870.38	2.05318
1512408835637	23.36	7872.67	1.80278	7872.44	1.85023	7872.85	2.0755	7872.48	1.73494	7872.22	2.09342
1512408836700	23.37	7872.44	1.33333	7872.6	1.87083	7872.62	1.7097	7872.64	1.60416	7871.91	2.18124
1512408837725	23.36	7871.11	1.2693	7871.24	1.87705	7871.15	1.95133	7870.92	1.68127	7870.5	2.17975
1512408838750	23.36	7871.33	1.41421	7871.4	2.06155	7871.31	1.97419	7871.16	1.7	7870.45	2.17201
1512408839806	23.34	7870.67	1.58114	7870.2	2.12132	7870.62	2.25605	7870.2	1.95789	7869.62	2.24029
1512408840876	23.34	7870.33	1.65831	7869.84	2.0347	7869.92	2.17798	7869.6	1.75594	7869.91	2.27111
1512408841880	23.34	7871	2.44949	7870	2.23607	7870.62	2.59931	7869.8	2.21736	7869.57	2.2791
1512408842903	23.34	7870.89	2.36878	7870.28	2.28254	7870.54	2.60177	7870.04	2.15019	7869.6	2.32321
1512408843945	23.34	7871.11	1.96497	7870.48	2.29347	7870.77	2.71274	7870.32	2.28619	7869.51	2.28017
1512408844955	23.34	7872.44	1.50923	7871.44	2.2	7872.08	1.70595	7871.36	2.07926	7871.25	2.43516
1512408845981	23.33	7870.89	1.76383	7870.2	2.14087	7870.62	2.18092	7870.08	2.23458	7870.85	2.31159
1512408847032	23.34	7869.89	1.53659	7869.44	2.14243	7869.62	2.43374	7869.08	2.19697	7869.17	2.2898
1512408848078	23.33	7868.78	2.33333	7869	2.34521	7869.08	2.66025	7868.8	2.12132	7869.57	2.31313
1512408849188	23.33	7868	2.44949	7867.88	2.00666	7868.08	2.2532	7867.64	1.95533	7867.81	2.2745
1512408850213	23.33	7869.33	2.23607	7868.6	2.14087	7869	2.3094	7868.44	2.10317	7868.81	2.0657
1512408851288	23.33	7869.78	2.81859	7869.04	2.37136	7869.23	2.86222	7868.48	2.4	7868.52	2.23861
1512408852311	23.33	7869.44	1.94365	7868.96	1.98914	7869.38	2.06311	7868.68	1.99416	7868.61	2.28682
1512408853338	23.33	7868.56	1.5899	7868.84	2.17332	7868.77	2.42053	7868.56	2.08327	7868.14	2.3949
1512408854364	23.33	7868.56	1.74005	7868.36	1.823	7868.62	1.89466	7868.12	1.9218	7868.24	2.333
1512408855455	23.33	7868.11	1.96497	7867.4	2.12132	7867.77	2.24179	7867.08	2.01908	7867.05	2.24244
1512408856481	23.33	7866.67	1.73205	7866.76	2.04695	7866.46	2.02548	7866.4	1.91485	7866.18	2.27075
1512408857507	23.33	7864.89	1.45297	7865.72	1.90438	7865.15	1.81871	7865.4	1.58114	7865.61	2.42368
1512408858577	23.34	7866.44	1.66667	7866.08	2.03961	7866.31	2.01596	7865.72	1.94765	7865.79	2.24106
1512408859656	23.33	7867	1.87083	7866.48	2.08407	7866.62	2.14237	7866.36	2.05913	7866.5	2.29611
1512408860814	23.31	7865.44	1.74005	7865.32	1.79629	7865.31	1.97419	7865.2	1.73205	7865.6	2.18241
1512408861821	23.33	7865.22	1.85592	7865.2	1.91485	7865.46	1.89804	7865.08	1.91311	7865.2	2.19673
1512408862863	23.32	7864.89	1.96497	7864.76	2.20378	7864.92	2.39658	7864.4	2.16025	7864.27	2.16746
1512408863889	23.31	7865.78	2.77389	7865.44	2.2561	7865.69	2.56205	7865.44	2.46779	7865.01	2.21617
1512408864956	23.31	7865.44	2.55495	7865.04	1.85921	7865.38	2.32875	7865	1.95789	7864.97	2.27632
1512408866054	23.32	7866.56	1.50923	7866.44	2.41661	7866.69	2.46254	7866.32	2.5285	7866.01	2.51557
1512408867126	23.32	7865.56	1.81046	7864.68	2.03552	7865	2.19848	7864.48	1.96044	7864.71	2.27275
1512408868203	23.31	7865.78	1.48137	7866.12	1.9	7865.69	1.97419	7865.76	1.80924	7865.93	2.23388
1512408869273	23.31	7865.67	1.5	7865.8	1.89297	7865.54	1.85362	7865.2	1.68325	7865.71	2.22878
1512408870348	23.31	7866.56	1.87824	7866.16	2.05508	7866.46	2.02548	7865.88	2.04776	7865.78	2.21667
1512408871485	23.31	7867.89	2.42097	7866.8	2.16025	7867.23	2.61896	7866.6	2.19848	7866.41	2.10241
1512408872561	23.3	7866.78	1.71594	7866.36	1.57797	7866.69	1.6525	7866.2	1.58114	7865.85	2.10733
1512408873604	23.32	7867	1.87083	7866.72	1.6207	7867	1.82574	7866.8	1.70783	7866.65	2.15511
1512408874631	23.3	7868.44	1.23603	7867.52	1.61038	7867.92	1.801	7867.6	1.60728	7867.02	2.27751
1512408875741	23.3	7867.33	0.707107	7866.68	1.46401	7867	1.29099	7866.64	1.49666	7866.29	2.16236
1512408876766	23.32	7868.11	1.2693	7867.4	1.60728	7867.62	1.66024	7867.28	1.67133	7866.94	2.12776
1512408877838	23.31	7866.67	1.5	7866.52	2.46847	7866.54	2.69615	7866.32	2.42762	7865.91	2.28161
1512408878866	23.31	7865.44	1.94365	7864.88	2.57099	7865.15	2.91108	7864.68	2.51197	7864.72	2.46104
1512408879957	23.32	7866.67	2.34521	7865.6	2.32737	7866.15	2.93956	7865.48	2.27523	7865.51	2.38947
1512408880983	23.31	7864.67	2.06155	7864.04	1.94679	7864.46	2.18386	7864	1.73205	7864.45	2.42349
1512408882019	23.32	7863.67	2.39792	7863.08	1.97737	7863.38	2.29269	7862.92	1.99833	7863.59	2.27837
1512408883133	23.31	7864.22	2.10819	7864.24	1.64012	7864.46	2.14536	7864.08	1.68127	7864.19	2.44513
1512408884160	23.32	7863.89	1.90029	7863.92	1.99833	7863.85	2.03495	7863.6	1.91485	7863.8	2.2506
1512408885300	23.33	7864.56	2.12786	7864.48	2.502	7864.54	2.72688	7864.12	2.4379	7863.74	2.43619
1512408886339	23.32	7862	1.80278	7862.04	2.18861	7861.92	2.01914	7861.48	1.93907	7862.16	2.38705
1512408887349	23.32	7862.89	0.781736	7862.96	1.61967	7863.08	1.38212	7862.6	1.58114	7863.05	2.57652
1512408888404	23.32	7863.22	2.22361	7863.76	2.38537	7863.31	2.35884	7863	2.06155	7863.58	3.00261
1512408889605	23.32	7865.33	1.73205	7864.48	1.61038	7865.15	1.62512	7864.56	1.68523	7864.85	2.38555
1512408890691	23.32	7863.11	1.96497	7863.08	1.75404	7863.08	1.93484	7862.88	1.73973	7863.04	2.327
1512408891809	23.32	7862.56	2.00693	7862.2	1.97906	7862.77	1.92154	7862.04	1.74356	7862.52	2.34315
1512408892943	23.32	7863	2.59808	7862.2	2.36291	7862.77	2.35067	7862.32	2.41039	7862.56	2.15248
1512408893985	23.32	7864.33	1.87083	7863.2	2.14087	7864	1.73205	7862.84	2.09523	7862.8	2.33242
1512408895009	23.31	7862.33	1.58114	7862.64	2.01825	7862.46	2.02548	7862.44	2.2561	7863.15	2.59069
1512408896025	23.3	7865.67	1.87083	7865.24	1.50776	7865.62	1.66024	7864.84	1.86369	7864.73	2.61405
1512408897036	23.31	7866.78	1.20185	7866.12	1.98578	7866.46	1.5064	7865.68	1.77294	7865.86	2.44866
1512408898067	23.31	7866.56	1.50923	7865.84	1.772	7866.23	1.42325	7865.64	1.70489	7864.82	2.48396
1512408899103	23.3	7866.11	1.83333	7865.2	1.87083	7865.85	1.90815	7865.08	1.93477	7864.63	2.19241
1512408900137	23.3	7865.22	1.7873	7865.04	2.0306	7865.08	2.2532	7864.76	2.08726	7865.24	2.26963

1512408901275	23.3	7866.78	1.92209	7866.04	2.05102	7866.54	2.40192	7866.12	2.08806	7866.51	2.34991
1512408902911	23.42	7904.11	1.2693	7903.16	1.88591	7903.69	1.6525	7903.56	1.87261	7903.37	2.21399
1512408903930	23.43	7898.78	0.666667	7898.44	1.44568	7898.69	1.31559	7898.64	1.43991	7898.31	2.00125
1512408905029	23.42	7899.78	1.56347	7900.16	1.74833	7899.85	1.57301	7899.88	2.00666	7899.7	1.92106
1512408906088	23.42	7906.11	1.83333	7905.56	1.44568	7905.85	1.62512	7905.36	1.57797	7905.83	2.04297
1512408907112	23.41	7911.44	2.18581	7910.76	1.96384	7910.77	2.5217	7910.52	2.10396	7911.33	2.00577
1512408908154	23.42	7916.89	1.61589	7916.24	1.96384	7916.62	2.10311	7916.36	1.89033	7916.36	1.92345
1512408909179	23.43	7921.22	1.48137	7920.76	2.04695	7920.92	1.84669	7920.4	1.95789	7920.26	1.98631
1512408910271	23.43	7923.22	1.39443	7923.2	1.63299	7923	1.95789	7922.96	1.67033	7922.88	1.86388
1512408911297	23.44	7929.44	2.45515	7929	2.02073	7929	2.38048	7928.68	2.26789	7928.56	2.10352
1512408912323	23.44	7930.44	1.424	7930.08	1.6563	7930	1.73205	7929.96	1.69509	7930.61	1.83123
1512408913332	23.45	7933.89	1.36423	7933.36	1.65529	7933.62	1.66024	7933.24	1.78606	7933.19	2.00768
1512408914358	23.47	7934.33	1.73205	7934.52	1.63605	7934.38	1.55662	7934.6	1.65831	7935.08	1.90213
1512408915459	23.47	7935.78	1.7873	7936.08	1.70587	7935.85	1.90815	7935.88	1.69115	7935.83	1.94815
1512408916750	23.48	7937.78	2.16667	7936.88	1.81016	7937	2.27303	7936.72	1.83757	7937.09	2.06448
1512408917801	23.48	7936.44	1.5899	7936.32	1.57374	7936.23	1.58923	7936.28	1.45831	7936.23	1.77067
1512408918828	23.48	7937.44	2.24227	7937.28	1.86011	7937.08	2.2532	7937.04	1.69509	7937.52	2.18445
1512408919873	23.48	7939.11	2.26078	7938.64	2.05913	7938.69	2.32324	7938.8	2.02073	7938.83	2.05737
1512408920892	23.48	7938.11	2.14735	7937.64	1.84572	7937.69	2.13638	7937.76	1.85472	7937.88	1.89986
1512408921941	23.49	7936.78	1.71594	7936.8	1.58114	7936.38	1.80455	7936.72	1.64621	7937.22	1.85526
1512408922955	23.49	7936.33	2.12132	7935.8	1.97906	7935.85	2.0755	7935.56	1.89473	7935.93	1.90411
1512408924109	23.49	7937.33	1.5	7936.64	1.86815	7936.69	2.05688	7936.4	1.77951	7935.87	1.98234
1512408925131	23.49	7937.44	2.00693	7936.52	1.71075	7936.85	2.0755	7936.4	1.77951	7936.18	1.9561
1512408926157	23.5	7935.78	1.56347	7935.24	1.73877	7935.38	1.7097	7935.08	1.84662	7935.79	1.9734
1512408927235	23.5	7935.89	1.76383	7935.6	1.80278	7935.46	1.8081	7935.44	1.55671	7935.04	1.76592
1512408928287	23.49	7934.22	1.56347	7933.88	1.53623	7933.77	1.69085	7933.84	1.43411	7933.22	1.73034
1512408929312	23.48	7935	1.87083	7934.2	1.58114	7934.54	1.98391	7934.28	1.59478	7933.68	1.9388
1512408930328	23.49	7933.78	2.3863	7933.64	1.8	7933.69	2.13638	7933.6	1.91485	7933.54	1.81424
1512408931400	23.49	7932.33	1.5	7932.12	1.33292	7932.08	1.44115	7932	1.29099	7931.83	1.82768
1512408932504	23.48	7931	1.41421	7930.76	1.45144	7930.77	1.58923	7930.76	1.42244	7931.06	1.793
1512408933523	23.5	7932.22	1.64148	7931.96	1.39881	7932	1.63299	7931.88	1.61555	7931.67	1.89906
1512408934554	23.49	7931.44	1.50923	7930.68	1.54704	7931.08	1.44115	7930.48	1.55778	7930.36	1.97686
1512408935571	23.49	7930.67	1	7930.32	1.95192	7930.38	2.02231	7930.24	2.08726	7929.98	1.92829
1512408936596	23.49	7929.89	1.45297	7929.32	1.70098	7929.31	1.84321	7929.16	1.81842	7929.54	1.93105
1512408937669	23.48	7928.89	1.96497	7928.16	1.65025	7928.31	1.93152	7928.12	1.64114	7928.2	1.86876
1512408938762	23.48	7927.78	2.33333	7927.2	2.06155	7927.15	2.26738	7927.12	2.1276	7927.31	1.84186
1512408939835	23.48	7926.67	1	7926.2	1.41421	7926.54	0.967418	7926.36	1.57797	7926.54	1.75279
1512408940911	23.49	7926.56	1.01379	7926.04	1.24097	7926.54	1.05003	7926.12	1.42361	7925.54	1.65195
1512408941953	23.48	7923.22	2.53859	7923.6	2.17945	7923.15	2.44425	7923.28	2.20832	7924.1	2.13347
1512408942962	23.47	7922.11	2.14735	7922	1.58114	7921.85	1.99358	7921.96	1.7195	7922.54	2.0154
1512408943988	23.47	7922.44	2.00693	7922.44	1.82757	7922.15	1.99358	7922.24	2.14631	7922.01	2.13721
1512408945030	23.47	7922.56	1.33333	7922.28	1.64621	7922.08	1.60528	7921.96	1.67033	7921.8	2.04776
1512408946055	23.47	7922	1.58114	7921.44	1.55671	7921.62	1.60927	7921.32	1.6	7921.04	2.00217
1512408947129	23.47	7919.78	1.20185	7919.36	1.70489	7919.54	1.8081	7919.2	1.70783	7919.61	2.21953
1512408948153	23.47	7920.44	1.87824	7919.24	1.96384	7919.69	2.01596	7919.12	2.00666	7919.86	2.55891
1512408949230	23.45	7920.89	1.76383	7920.36	1.9975	7920.54	1.94145	7919.92	1.91311	7920.46	2.16261
1512408950370	23.45	7920.89	1.76383	7920	1.80278	7920.38	1.98068	7919.8	1.82574	7920.07	1.95121
1512408951411	23.45	7919.89	2.02759	7919.12	1.71561	7919.31	2.17503	7918.72	1.96893	7918.68	1.95534
1512408952535	23.45	7919.56	2.12786	7919.92	2.05994	7919.62	2.14237	7919.6	2.04124	7919.44	1.99666
1512408953628	23.45	7920	1.93649	7919.52	1.91746	7920	1.91485	7919.2	2.06155	7919.11	1.77877
1512408954631	23.44	7920.11	1.76383	7919.44	1.47422	7919.77	1.58923	7919.32	1.51987	7919.45	1.84247
1512408955660	23.44	7919.67	2.06155	7918.6	1.95789	7919	2.3094	7918.44	2.08327	7918.38	1.82235
1512408956767	23.44	7918.67	1.65831	7918.24	1.47986	7918.46	1.6641	7918.16	1.65025	7918.63	1.95107
1512408957793	23.44	7918.11	2.02759	7917.84	1.79536	7918	1.91485	7917.8	1.75594	7917.91	1.9169
1512408958907	23.43	7918	1.93649	7917.84	1.54596	7917.92	1.801	7917.68	1.62583	7917.93	1.86941
1512408959940	23.43	7916.67	1.65831	7916.36	1.41067	7916.62	1.50214	7916.28	1.54164	7916.44	1.68567
1512408960968	23.43	7917.78	2.27913	7917.48	1.89561	7917.69	2.25036	7917.56	1.87261	7917.77	1.9869
1512408962021	23.43	7918.22	1.64148	7917.24	1.80924	7917.54	2.10616	7917.28	1.98997	7917.12	1.81179
1512408963068	23.42	7919.22	1.56347	7918.68	1.57374	7918.85	1.57301	7918.56	1.66032	7918.23	1.81502
1512408964223	23.42	7917.67	2.06155	7917.24	1.64012	7917.31	1.88788	7917.04	1.79072	7917.64	1.89617
1512408965299	23.42	7916.67	2	7916.48	1.61038	7916.62	1.85016	7916.24	1.66533	7916.3	1.84018
1512408966324	23.42	7915.22	1.71594	7914.96	1.59374	7915.15	1.86396	7914.84	1.59896	7915.04	1.78936
1512408967365	23.41	7914.56	1.94365	7914.68	1.67631	7914.62	2.06311	7914.4	1.77951	7914.54	1.87622
1512408968392	23.42	7915.11	2.14735	7915.08	1.70587	7915.08	2.06	7915	1.70783	7914.84	1.72606
1512408969429	23.42	7915	2.54951	7914.8	2.04124	7914.77	2.45472	7914.4	2.02073	7914.57	1.81903
1512408970478	23.41	7914	2.23607	7913.8	1.89297	7913.69	2.17503	7913.28	2.09205	7913.64	1.87962
1512408971513	23.4	7914.22	2.04803	7913.36	1.62993	7913.85	1.81871	7913.16	1.86369	7913.37	1.70956
1512408972608	23.4	7914.22	1.85592	7913.96	1.83666	7913.85	1.86396	7913.52	1.82848	7913.87	2.09227
1512408973634	23.4	7915.44	2.18581	7914.52	1.85113	7914.77	2.20431	7914.16	2.01412	7914.27	1.85684
1512408974708	23.4	7914.89	1.76383	7914.28	1.81475	7914.54	1.94145	7914.04	2.26348	7913.33	1.98226
1512408975799	23.4	7915	2	7914.36	1.72916	7914.62	2.06311	7914.32	2.13542	7914.32	1.93342
1512408976848	23.4	7915.44	2.45515	7914.2	1.97906	7914.77	2.38586	7914.16	2.01412	7913.94	1.80042
1512408977900	23.39	7915.33	1.22474	7914.32	1.4922	7914.69	1.4367	7914.16	1.40475	7913.63	1.86963
1512408978905	23.39	7914.89	2.52212	7914.24	2.52124	7914.54	2.78733	7914.04	2.58972	7914.3	2.03686
1512408979933	23.39	7914.67	1.93649	7914.2	1.55456	7914.54	1.76141	7914.28	1.59478	7914.15	1.72398
1512408980938	23.39	7913.11	1.69148	7913.16	1.7	7913.08	1.5525	7912.84	1.67531	7913.08	1.91463
1512408981953	23.39	7915.11	2.57121	7915	2	7914.77	2.24179	7914.84	1.99332	7915.18	2.09912
1512408982979	23.39	7914.56	2.12786	7913.64	2.01825	7913.46	2.43637	7913.52	2.0232	7913.57	1.94093
1512408984005	23.39	7913.33	2.23607	7912.56	2.04287	7912.46	2.36697	7912.4	1.87083	7912.49	1.90697
1512408985030	23.39	7913.44	1.66667	7913.32	2.05589	7912.92	1.70595	7913	1.77951	7913.73	1.96644
1512408986102	23.39	7913.33	2.06155	7912.44	1.98074	7912.92	2.06	7912.72	2.11187	7912.53	1.92575
1512408987195	23.39	7914.67	1.65831	7914.12	1.50886	7914.31	1.60128	7913.8	1.75594	7913.66	1.86121
1512408988221	23.39	7913.56	1.424	7913.84	1.79536	7913.38	1.26085	7913.24	1.87705	7912.96	1.91712
1512408989261	23.38	7914.56	2.55495	7914.64	2.19621	7914.23	2.48843	7913.96	2.40624	7913.45	2.02816
1512408990272	23.38	7914.44	1.66667	7914.04	1.67033	7914.23	1.7867	7913.44	1.85023	7913.32	1.90356
1512408991282	23.38	7913.44	1.66667	7913.52	1.47535	7913.31	1.54837	7913	1.47196	7913.14	1.79586
1512408992308	23.39	7913.78	1.39443	7913.6	1.58114	7913.69	1.6525	7913.32	1.4922	7913.19	1.87817
1512408993333	23.38	7913.44	1.94365	7913.2	1.65831	7913.23	1.92154	7913	1.65831	7912.85	1.81421
1512408994420	23.38	7912.44	1.94365	7912.44	1.63503	7912.38	1.7097	7912	2.12132	7912.06	1.9274
1512408995558	23.37	7912.22	1.64148	7911.72	1.42945	7911.85	1.72463	7911.48	1.61038	7911.62	1.89521
1512408996654	23.38	7912.11	1.53659	7911.4	1.65831	7911.69	1.79743	7911.2	1.73205	7911.31	1.80993
1512408997679	23.37	7913.78	2.63523	7912.84	2.21133	7913.23	2.35067	7912.64	2.2891	7912.32	2.01825
1512408998706	23.37	7911.44	2.74368	7911.36	1.84572	7911.31	2.28709	7911.24	1.85472	7911.76	1.84497
1512408999715	23.37	7911.22	3.15348	7911.04	2.40624	7910.62	2.95912	7910.96	2.83549	7912.06	2.26299
1512409000758	23.38	7912.22	1.7873	7911.88	1.58955	7911.92	1.75412	7911.8	1.82574	7911.99	1.80132
1512409001783	23.37	7912.33	2.34521	7912.16	2.13464	7912	2.34521	7911.84	2.2301	7912.03	2.05372
1512409002876	23.37	7913.22	2.48886	7912.84	1.79536	7912.92	2.21591	7912.4	1.89297	7912.45	1.976
1512409003948	23.37	7912.78	1.92209	7912.12	1.76352	7912.62	1.80455	7912.2	1.82574	7912.28	1.72435
1512409004974	23.38	7911.89	1.83333	7911.68	1.54704	7911.69	1.70219	7911.64	1.68028	7912.42	1.90532
1512409005999	23.37	7911.44	2.24227	7911.12	1.81016	7911	2.16025	7910.96	1.88149	7910.75	1.76269
1512409007025	23.37	7911	1.22474	7910.92	1.70587	7910.77	1.48064	7910.68	1.74929	7910.74	2.00136
1512409008050	23.38	7910	1.58114	7910.08	1.41185	7909.92	1.38212	7909.76	1.47986	7910.18	1.80279
1512409009076	23.38	7909.22	1.7873	7908.68	1.57374	7909	1.63299	7908.44	1.66032	7908.34	1.95936
1512409010168	23.37	7910.89	1.96497	7910.6	2	7910.62	1.98068	7910.24	1.96384	7910.01	1.93646
1512409011250	23.38	7909.33	1.80278	7909.64	1.9975	7909.69	1.97419	7909.64	1.95533	7909.58	2.0093
1512409012296	23.37	7911.11	0.927961	7910.64	1.11355	7911.15	0.987096	7910.4	1.32288	7909.65	1.75259
1512409013303	23.37	7910.67	2.12132	7910.76	2.36784	7910.77	2.12736	7910.36	2.17715	7910.91	2.29072
1512409014363	23.37	7910.67	2.06155	7910.32	1.81934	7910.46	2.02548	7910.16	1.81842	7910.87	2.04951
1512409015392	23.36	7912.89	1.76383	7912.76	1.69017	7912.54	1.76141	7912.4	1.87083	7912.29	2.04602
1512409016475	23.33	7913.89	2.26078	7913.16	1.90788	7913.54	2.18386	7912.88	2.14709	7912.47	2.13848
1512409017509	23.34	7913.67	2.69258	7912.92	2.30796	7913.23	2.65059	7912.72	2.26421	7912.62	2.19539
1512409018534	23.34	7915.22	2.86259	7914.2	2.29129	7914.92	2.53185	7914	2.38048	7912.76	1.94861
1512409019561	23.34	7913.11	2.80377	7912.56	2.12289	7912.77	2.42053	7912.28	2.18937	7911.94	1.867
1512409020570	23.33	7912.89	2.47207	7912.08	1.95619	7912.54	2.22169	7911.88	2.04776	7911.49	1.84309
1512409021660	23.33	7912.33	2.29129	7911.48	2.0232	7912	2.08167	7911.12	2.27889	7910.93	2.02457
1512409022702	23.34	7912	2.34521	7911.04	1.98914	7911.38	2.32875	7910.48	2.4	7910.26	1.92982
1512409023761	23.33	7912.44	1.81046	7911.76	1.92094	7911.92	1.89128	7911.4	2.14087	7910.94	1.97955
1512409024787	23.33	7912.56	2.18581	7911.8	2.06155	7912.23	2.24179	7911.68	2.01494	7911.27	2.05648
1512409025813	23.33	7911	1.80278	7910.8	1.80278	7910.85	1.77229	7910.56	1.68523	7910.21	1.80896
1512409026864	23.33	7910.78	0.971825	7910.16	1.772	7910.69	1.4367	7909.88	1.61555	7909.79	1.82044
1512409027926	23.33	7910.11	2.31541	7909.44	2.18098	7909.77	2.55453	7909.08	2.27156	7909.18	1.87729
1512409028949	23.33	7909.56	1.94365	7909.64	1.89033	7909.69	2.13638	7909.4	2	7909.59	1.93224
1512409029962	23.33	7910.11	2.42097	7910.16	2.11503	7910.08	2.2532	7909.64	2.03879	7909.35	1.81148
1512409031005	23.33	7909.89	2.26078	7910.16	2.0347	7909.92	2.13937	7909.64	2.23383	7909.66	2.02987
1512409032097	23.33	7910	1.5	7910.52	1.71075	7910.31	1.54837	7910.44	1.52971	7911.31	1.92971
1512409033204	23.32	7910.67	2.12132	7910.36	1.75309	7910.46	1.98391	7910	1.80278	7910.37	1.86405
1512409034270	23.32	7910.44	1.94365	7909.92	1.6052	7910.23	1.83275	7909.56	1.85023	7909.69	1.99865
1512409035334	23.32	7909.89	2.47207	7909.72	2.18937	7909.62	2.43374	7909.24	2.12681	7910	2.15542
1512409036427	23.32	7910.67	1.80278	7909.88	1.56312	7910.38	1.66024	7909.6	1.70783	7909.43	1.8133
1512409037453	23.31	7910	2	7910.68	2.11581	7910.23	2.0064	7910.36	1.95533	7911.18	2.06994
1512409038518	23.32	7910	2	7910.6	2.08167	7910.15	2.03495	7910.36	1.97653	7911.11	2.03705
1512409039602	23.32	7911.67	2.23607	7911.76	1.83212	7911.69	2.01596	7911.4	2.06155	7911.75	2.15066
1512409040644	23.32	7911.22	2.16667	7911.36	1.62993	7911.15	1.90815	7910.96	1.88149	7911.89	2.16686
1512409041654	23.31	7911.89	2.02759	7912.08	1.86905	7911.92	1.84669	7912.08	1.97737	7911.75	1.91562
1512409042705	23.31	7910.56	1.424	7910.92	1.6563	7910.62	1.44559	7910.76	1.78606	7910.85	1.87908
1512409043750	23.32	7908.56	1.50923	7908.84	1.772	7908.46	1.94145	7908.64	1.89033	7909.41	2.04741
1512409044860	23.31	7909.22	1.56347	7909.6	1.82574	7909.46	1.89804	7909.56	1.82757	7909.83	2.1667
1512409045934	23.31	7908.44	2.00693	7909.04	1.79072	7908.69	1.97419	7908.84	1.74833	7909.16	1.83715
1512409047009	23.31	7908.11	1.2693	7908.76	1.64012	7908.54	1.61325	7908.68	1.57374	7908.31	1.78676
1512409048060	23.31	7909.56	1.66667	7909.64	1.62993	7909.77	1.64083	7909.6	1.58114	7909.4	1.78313
1512409049077	23.31	7908.89	1.83333	7909.12	1.56312	7909.23	1.92154	7909.16	1.62481	7909.22	1.95179
1512409050103	23.3	7911.11	1.69148	7910.56	1.91659	7911.08	1.89128	7910.76	1.80924	7910.01	1.96717
1512409051128	23.31	7910.22	1.71594	7910.64	1.57797	7910.38	1.66024	7910.6	1.63299	7910.78	1.95978
1512409052220	23.32	7911.11	2.14735	7912.32	2.41039	7911.31	2.05688	7912.16	2.49466	7911.75	2.0394
1512409053294	23.32	7909.67	2.54951	7909.8	2.21736	7909.38	2.18092	7909.48	2.32952	7909.26	1.99677
1512409054319	23.32	7909.67	3.16228	7910.32	2.59358	7909.62	2.63117	7909.96	2.52455	7909.58	2.10778
1512409055329	23.31	7909.67	1.87083	7909.96	1.7195	7909.54	1.71345	7909.8	1.75594	7909.78	1.93765
1512409056370	23.32	7910.78	1.98606	7910.4	1.87083	7910.15	2.0755	7910.04	1.90351	7909.84	1.70376
1512409057443	23.31	7909.44	1.5899	7909.52	1.44684	7909.23	1.48064	7909.32	1.37598	7909.36	1.57224
1512409058470	23.31	7909.67	1.5	7909.28	1.36991	7909.38	1.38675	7909.28	1.30767	7909.05	1.55888
1512409059640	23.32	7909.44	1.94365	7910.2	1.77951	7909.31	1.6525	7909.92	1.75404	7909.79	1.82616
1512409060685	23.32	7908.44	1.81046	7909.04	1.67033	7908.54	1.5064	7908.84	1.67531	7908.66	1.79859
1512409061727	23.32	7906.44	1.87824	7907	1.55456	7906.54	1.61325	7906.68	1.46401	7907.12	1.74144
1512409062829	23.32	7907	2.23607	7906.96	1.61967	7906.85	1.86396	7906.76	1.64012	7907.27	1.81206
1512409063876	23.31	7907.67	1.5	7907.92	1.52534	7907.69	1.37747	7907.72	1.59478	7907.54	1.70776
1512409064909	23.31	7908.56	1.66667	7908.4	1.63299	7908.15	1.72463	7908.08	1.75404	7908.18	1.87174
1512409065943	23.31	7907.89	1.76383	7908.16	1.772	7907.46	1.71345	7907.56	1.66032	7907.98	2.03479
1512409067015	23.31	7909.33	1.41421	7908.32	1.77294	7908.46	2.22169	7908.24	1.85472	7908.2	1.99625
1512409068041	23.31	7908.44	2.35112	7908.2	1.91485	7907.92	2.36155	7908.04	1.88149	7908.23	1.81998
1512409069252	23.31	7906.33	1.80278	7906.32	1.74929	7906	2.12132	7906.08	1.77764	7906.54	1.89016
1512409070258	23.31	7907	1.73205	7907.88	1.9218	7907.15	1.57301	7907.28	1.83757	7907.58	1.88884
1512409071283	23.31	7908.44	2.18581	7908.64	2.09921	7908.15	2.19265	7908.16	2.13464	7908.69	1.93779
1512409072309	23.32	7908.22	1.7873	7907.96	1.81384	7907.77	1.69085	7907.6	1.91485	7907.37	1.66596
1512409073359	23.31	7907.22	2.90593	7907.32	2.03552	7907	2.48328	7907	1.93649	7907.56	1.84199
1512409074376	23.31	7908.67	1.58114	7908.36	1.68028	7908.46	1.61325	7908.2	1.84842	7909.1	2.10299
1512409075402	23.29	7909	2	7909.36	1.86815	7909.08	1.97744	7909.16	2.09523	7909.15	1.9614
1512409076438	23.29	7909	2.17945	7909.08	2.1	7908.92	2.46514	7908.92	2.13931	7908.56	1.85888
1512409077462	23.29	7909.44	1.74005	7909.48	1.61038	7909.69	2.01596	7909.6	1.63299	7909.04	1.98791
1512409078490	23.29	7908.67	1.32288	7909.2	1.38444	7909	1.41421	7909.12	1.33292	7910.01	2.01295
1512409079534	23.29	7909.44	2.4037	7909.24	1.78606	7909.23	2.31495	7909.08	1.91311	7909.2	1.81217
1512409080656	23.29	7908.67	2.39792	7908.64	1.84572	7908.38	2.32875	7908.36	1.91224	7908.67	1.79522
1512409081678	23.29	7908.22	1.85592	7908.64	1.84572	7907.92	1.801	7908.28	1.94765	7908.59	2.05756
1512409082696	23.29	7908.67	2.54951	7909.52	2.20076	7908.92	2.4311	7909.08	2.17792	7909.18	1.96937
1512409083716	23.29	7909.11	2.36878	7909.48	1.82848	7909.08	2.13937	7909.12	1.9218	7909.13	1.79191
1512409084747	23.29	7909.56	1.66667	7910.36	1.60416	7909.77	1.73944	7910.08	1.68127	7910.04	1.88573
1512409085773	23.29	7909.22	2.10819	7909.68	1.79629	7909.54	2.06621	7909.8	1.87083	7909.7	1.95599
1512409086844	23.29	7908.78	1.98606	7908.24	1.5885	7908.31	1.93152	7908.36	1.52425	7908.07	1.75316
1512409087990	23.28	7910.78	1.85592	7910.36	1.57797	7910.62	1.60927	7910.44	1.47422	7909.82	1.87729
1512409089077	23.28	7909.44	2.29734	7909.24	1.96384	7909.08	2.2532	7909.16	2.07525	7909.64	2.05944
1512409090117	23.28	7909.78	2.10819	7909.8	1.75594	7909.62	1.80455	7909.84	1.97231	7910.23	1.90116
1512409091162	23.29	7909.78	2.58736	7909.84	2.09523	7909.62	2.18092	7909.56	1.95959	7909.35	1.93386
1512409092251	23.28	7908.89	1.69148	7909.52	1.80555	7909	1.58114	7909.16	1.90788	7909.34	2.26512
1512409093257	23.29	7909.11	2.31541	7909.32	2.11581	7909.23	2.42053	7909.2	2.41523	7909.69	2.19963
1512409094352	23.29	7911.22	2.53859	7910.92	1.84662	7910.85	2.26738	7910.64	1.9975	7909.9	2.09156
1512409095394	23.28	7910.33	2.34521	7910.56	1.63503	7910.31	2.01596	7910.32	1.51987	7910.1	1.6538
1512409096404	23.28	7910.89	2.02759	7911.08	1.80093	7911.15	1.72463	7910.68	1.81934	7910.3	1.95811
1512409097494	23.28	7910.22	2.43812	7910.8	2.16025	7910.38	2.2188	7910.2	2.23607	7910.84	2.22909
1512409098582	23.28	7911.89	2.47207	7911.76	1.96384	7911.77	2.27866	7911.28	2.0108	7911.28	1.935
1512409099597	23.28	7911	2.06155	7911.08	1.63095	7911	1.82574	7910.64	1.8	7910.51	1.97146
1512409100618	23.27	7911.22	2.63523	7911.32	2.56125	7911.23	2.71274	7911	2.54951	7910.48	2.25022
1512409101663	23.29	7909.33	1.80278	7909.88	1.53623	7909.69	1.79743	7909.52	1.50333	7909.96	1.96011
1512409102739	23.28	7912.11	2.36878	7911.48	1.91746	7911.77	2.27866	7911.28	2.13151	7910.38	2.07338
1512409103790	23.28	7909.44	2.06828	7909.8	1.68325	7909.38	1.98068	7909.56	1.66032	7909.83	2.02933
1512409104834	23.29	7910.11	1.83333	7910.44	1.78139	7910.08	1.84669	7910.04	1.7673	7909.27	2.03158
1512409105869	23.29	7908.22	1.92209	7908.48	1.82848	7908.31	2.01596	7908.24	1.73877	7907.88	1.99611
1512409106902	23.29	7907.67	1.80278	7907.68	1.6	7907.85	1.72463	7907.64	1.57797	7907.87	1.91553
1512409107957	23.29	7907.44	2.00693	7908	1.82574	7907.54	2.10616	7907.8	2.02073	7908.42	2.19967
1512409109066	23.29	7907.56	1.81046	7908	1.52753	7907.69	1.6525	7907.92	1.49778	7908.37	1.92689
1512409110160	23.29	7909	1.87083	7908.92	1.6563	7909.15	1.67562	7908.84	1.49108	7908.73	1.95049
1512409111186	23.29	7907.78	1.09291	7907.64	1.38082	7907.62	1.60927	7907.68	1.31403	7908.05	1.8855
1512409112212	23.29	7908.33	1.58114	7908.36	1.823	7908.38	1.75777	7908.32	1.77294	7908.08	1.90372
1512409113315	23.29	7907	1.87083	7907.36	1.55134	7907.15	1.77229	7907.36	1.68028	7907.03	1.92688
1512409114361	23.29	7907.89	2.20479	7908.36	2.2891	7908.15	2.1543	7908.32	2.05589	7907.91	2.05333
1512409115524	23.29	7906.78	1.56347	7907.68	1.97315	7907.15	1.57301	7907.28	1.69607	7907.34	2.1736
1512409116542	23.29	7906.11	2.02759	7906.6	1.84842	7906.46	1.8081	7906.64	1.72916	7906.67	2.03669
1512409117568	23.29	7905.78	2.10819	7906.76	1.92094	7906.38	2.06311	7906.28	1.90438	7906.2	1.85562
1512409118578	23.28	7905.56	1.23603	7905.76	1.42244	7905.85	1.46322	7905.8	1.47196	7905.83	1.79219
1512409119633	23.28	7907.44	2.4037	7907.24	2.00582	7907.23	2.45472	7907.08	2.08006	7906.4	1.80923
1512409120706	23.29	7906.33	1.41421	7906.64	1.55134	7906.46	1.39137	7906.52	1.5843	7906.04	1.82965
1512409121862	23.28	7906.22	2.10819	7907.12	1.9	7906.77	2.20431	7906.8	2.39792	7907.12	2.26184
1512409122934	23.28	7905.78	1.71594	7906.2	1.70783	7906	1.73205	7905.88	1.96469	7906.28	2.08082
1512409123950	23.29	7907.33	1.80278	7907.16	1.62481	7907.38	1.7097	7907.08	1.6563	7906.64	1.86052
1512409124975	23.29	7906.78	1.98606	7906.44	1.66032	7906.38	1.93815	7906.28	1.76824	7905.61	1.85946
1512409126001	23.3	7905.56	2.35112	7905.48	1.91746	7905.23	2.16617	7905.28	1.98997	7905.11	1.95721
1512409127027	23.3	7906.22	2.10819	7905.84	1.95107	7905.77	2.16617	7906	2.02073	7905.99	1.89844
1512409128039	23.29	7905.22	2.10819	7905.52	1.85113	7905.23	2.04751	7905.36	2.03879	7905.72	2.03983
1512409129078	23.3	7904.11	1.76383	7904.72	1.59478	7904.46	1.71345	7904.48	1.8735	7904.82	1.90122
1512409130104	23.3	7904.33	1.58114	7904.84	1.34412	7904.54	1.61325	7904.52	1.38804	7904.66	1.80484
1512409131130	23.29	7904.67	1.22474	7905	1.22474	7904.77	1.09193	7905	1.04083	7904.15	1.79792
1512409132135	23.3	7903.44	1.81046	7904.28	1.6207	7904	1.87083	7904.04	1.59374	7904.57	1.88097
1512409133165	23.28	7903.56	1.50923	7904.12	1.66633	7903.77	1.5359	7904.08	1.6052	7904.54	1.87355
1512409134206	23.29	7904.67	2.06155	7904.36	1.9975	7904.38	1.93815	7904.36	1.72916	7904.91	1.85054
1512409135232	23.29	7905.22	1.30171	7904.8	1.80278	7905	1.63299	7904.6	1.89297	7904.22	1.85526
1512409136309	23.29	7905.44	2.06828	7905.44	1.78139	7905.31	1.84321	7905.32	1.65126	7904.7	1.81166
1512409137381	23.28	7905	1.93649	7905.52	1.8735	7905	1.91485	7905.12	1.83303	7905.33	2.07469
1512409138446	23.28	7906	1.73205	7906.08	1.93477	7906.08	2.10006	7905.84	1.97231	7906.25	2.04387
1512409139547	23.29	7906	1.65831	7905.96	1.39881	7905.92	1.49786	7905.88	1.30128	7906.12	2.07698
1512409140588	23.29	7907.11	2.20479	7906.44	1.85023	7906.77	2.04751	7906.16	1.97231	7906.07	2.02199
1512409141614	23.29	7906	1.80278	7905.92	1.55242	7905.54	1.76141	7905.44	1.52971	7906.04	2.0801
1512409142623	23.29	7905	2	7905.52	1.66132	7904.85	1.72463	7905.24	1.69017	7905.4	1.95027
1512409143649	23.28	7905.44	2.55495	7906.48	2.16256	7905.54	2.25889	7906.08	2.1	7906.35	2.08422
1512409145013	23.29	7906	2.12132	7906.56	1.87261	7905.85	1.95133	7906.04	1.69509	7906.68	1.86257
1512409146042	23.29	7906.78	1.64148	7906.6	1.58114	7906.38	1.7097	7906.28	1.69607	7906.56	2.09608
1512409147068	23.29	7906.89	2.52212	7906.72	1.76824	7906.69	2.21302	7906.64	1.8	7906.46	1.77347
1512409148170	23.29	7905.89	1.83333	7906	1.41421	7905.69	1.75046	7905.8	1.41421	7905.7	1.74489
1512409149319	23.29	7906.44	1.5899	7906.48	1.41774	7906.23	1.69085	7906.24	1.39284	7906.1	2.00251
1512409150373	23.29	7905.89	1.53659	7906.16	1.34412	7905.92	1.38212	7905.84	1.24766	7905.76	1.8079
1512409151399	23.28	7906.78	1.56347	7907.08	1.68127	7907	1.41421	7906.68	1.4922	7906.89	1.97312
1512409152451	23.28	7907.56	1.33333	7907.4	1.25831	7907.46	1.26592	7907.12	1.26886	7906.89	1.70094
1512409153465	23.29	7908	2	7908.16	2.30362	7907.85	2.03495	7908.04	2.09125	7907.91	2.08706
1512409154491	23.3	7907	2.5	7906.92	2.17792	7906.62	2.36426	7906.68	2.09603	7906.94	2.02749
1512409155568	23.29	7906.67	2	7907.36	1.75309	7906.77	1.7867	7907.08	1.68127	7907.06	1.91112
1512409156588	23.29	7906.44	2.35112	7906.4	1.82574	7906.46	1.98391	7906.24	1.69017	7906.67	1.99274
1512409157600	23.29	7906	1.73205	7906.12	1.58955	7905.62	1.60927	7905.96	1.54056	7906.36	1.93425
1512409158605	23.29	7905.78	1.30171	7905.72	1.27541	7905.46	1.26592	7905.4	1.41421	7905.58	1.84442
1512409159619	23.3	7908.44	1.66667	7908.72	1.90438	7908.46	1.5064	7908.44	1.78139	7908.9	2.27981
1512409160691	23.3	7908.78	2.10819	7909.2	1.97906	7908.92	2.13937	7908.92	1.97737	7908.9	2.02578
1512409161838	23.29	7905.67	2.73861	7906.36	2.43036	7905.54	2.66506	7905.96	2.16949	7906.52	2.02091
1512409162911	23.29	7908.67	1.65831	7907.8	1.80278	7908.23	1.64083	7907.68	1.8868	7907.81	2.21725
1512409163935	23.29	7907.78	2.27913	7907.64	1.86815	7907.38	2.02231	7907.56	1.89473	7908.16	2.1882
1512409164960	23.29	7909.11	2.57121	7908.8	2.27303	7908.54	2.60177	7908.6	2.41523	7908.48	2.1844
1512409165982	23.28	7908.78	2.63523	7908.92	2.49867	7908.31	2.89783	7908.52	2.58392	7908.63	2.09275
1512409167014	23.29	7908.11	2.31541	7908.52	2.38258	7907.77	2.42053	7908.12	2.38607	7908.25	2.02145
1512409168101	23.29	7908.44	1.81046	7908.56	1.85023	7908.31	1.6525	7908.48	1.82848	7908.02	2.03735
1512409169193	23.28	7911.33	3	7911.12	2.6032	7910.85	3.28751	7910.68	2.57747	7909.27	2.34963
1512409170269	23.28	7910.33	1.87083	7910.32	1.8421	7910.31	2.21302	7910.08	1.91311	7909.94	1.9728
1512409171295	23.28	7910.89	2.42097	7910.36	2.48126	7910.62	2.39925	7910	2.48328	7910.16	2.42313
1512409172384	23.29	7910.44	1.424	7910.16	1.90788	7910.62	1.60927	7910.24	1.71464	7909.62	2.04046
1512409173393	23.3	7908.44	1.5899	7908.44	1.60935	7908.54	1.5064	7908.2	1.47196	7908.27	1.94246
1512409174419	23.3	7908.44	1.50923	7908.2	1.41421	7908.23	1.69085	7908.2	1.38444	7908.09	1.8657
1512409175445	23.3	7909.11	2.20479	7908.44	1.66032	7908.54	2.10616	7908.32	1.77294	7908.15	1.92927
1512409176481	23.3	7908.67	2	7907.84	1.79536	7907.85	2.19265	7907.6	1.84842	7907.53	1.9393
1512409177512	23.29	7906.89	2.02759	7907.16	1.772	7906.77	1.73944	7907	1.95789	7906.93	1.96867
1512409178537	23.3	7906.22	1.71594	7906.28	1.45831	7906.08	1.5525	7906.16	1.57268	7906.33	1.91545
1512409179564	23.3	7907.56	2.74368	7907.76	2.00582	7907.69	2.56205	7907.52	2.14321	7907.81	1.90655
1512409180589	23.3	7906.56	2.50555	7906.84	2.05508	7906.15	2.30384	7906.64	2.09921	7906.99	1.83709
1512409181662	23.3	7906.33	1.65831	7906.8	2.04124	7906.31	1.70219	7907.04	2.22636	7907.1	2.07556
1512409182764	23.3	7908.11	1.76383	7907.48	2.21961	7907.15	2.33973	7907.52	2.34734	7907.26	2.14758
1512409183829	23.31	7907.56	1.87824	7907.12	1.76352	7907.08	1.84669	7907.04	1.94679	7907.14	2.09068
1512409184919	23.31	7906.67	2.17945	7906.36	1.95533	7906.08	2.2532	7906.04	2.15019	7906.19	2.0198
1512409185994	23.31	7905.44	1.87824	7906	2	7905.23	1.92154	7905.64	2.19621	7906.2	2.23737
1512409187071	23.3	7904.67	1.65831	7905.56	1.95959	7904.69	1.75046	7905.28	1.88237	7906.52	2.06935
1512409188091	23.3	7906.22	1.92209	7906.36	1.84572	7905.92	2.01914	7906.12	2.1276	7906.47	2.00532
1512409189128	23.3	7905.78	2.10819	7906	1.58114	7905.62	1.89466	7905.68	1.6	7905.78	2.08774
1512409190200	23.31	7905.22	2.48886	7905.56	2.06317	7904.69	2.35884	7905.12	2.00666	7905.56	2.16694
1512409191285	23.31	7905.56	2.60342	7905.96	2.07123	7905.15	2.33973	7905.56	2.31084	7905.42	2.0756
1512409192337	23.3	7905.56	2.00693	7906.04	2.11108	7905.31	2.05688	7905.76	2.14631	7905.85	2.09157
1512409193339	23.3	7907.22	1.48137	7906.96	1.90351	7907	2.08167	7906.8	2.10159	7906.05	2.22741
1512409194349	23.31	7907.78	1.20185	7907.08	1.55242	7907.23	1.69085	7906.96	2.05102	7907.02	2.04878
1512409195389	23.3	7907.78	1.92209	7907.28	1.94765	7907.08	2.17798	7907.32	2.07605	7907.18	1.82952
1512409196414	23.3	7907	2.23607	7906.52	2.0025	7906.46	2.25889	7906.52	2.12368	7906.27	1.97437
1512409197439	23.3	7907.11	1.96497	7907	1.82574	7906.92	2.06	7906.64	2.01825	7906.58	1.88055
1512409198481	23.31	7906.33	1.80278	7906.16	1.7	7906.08	1.97744	7906.04	1.69509	7905.91	1.83925
1512409199507	23.31	7906.33	1.93649	7906.12	2.10792	7906.08	2.01914	7905.88	1.85562	7906.26	2.08856
1512409200549	23.31	7907.89	2.42097	7908	2.08167	7907.85	2.37508	7907.88	2.04776	7907.31	2.02246
1512409201560	23.3	7907.89	1.90029	7908	2.23607	7907.85	2.23033	7908	2.3094	7907.18	1.93381
1512409202567	23.3	7910.56	3.35824	7910.56	2.84429	7910.15	3.13172	7910.32	2.86822	7909.36	2.15374
1512409203621	23.31	7911.33	2	7910.04	2.541	7910.69	2.98286	7910.24	2.53772	7908.41	2.05502
1512409204684	23.32	7908.67	1.73205	7908.44	1.98074	7908.46	2.29548	7908.48	1.91746	7907.74	1.88338
1512409205834	23.33	7906.11	2.20479	7906.28	1.79165	7906.15	2.03495	7906.24	1.80924	7906.47	1.82873
1512409206860	23.31	7905.78	1.64148	7906	1.89297	7905.54	1.89804	7905.8	1.89297	7906.12	1.82896
1512409207873	23.31	7908.78	1.7873	7909.2	2.23607	7908.69	1.70219	7908.88	2.16641	7908.91	2.10198
1512409208951	23.31	7909.67	2.34521	7909.64	2.01825	7909.46	2.18386	7909.48	2.2383	7909.35	2.15752
1512409210085	23.32	7908.11	1.76383	7907.6	1.84842	7907.46	2.06621	7907.48	2.06398	7907.67	1.93708
1512409211244	23.32	7908.33	1.73205	7908.16	1.79536	7907.85	1.95133	7907.88	1.71561	7908.13	2.02557
1512409212309	23.31	7909	1.58114	7908.44	1.44568	7908.69	1.84321	7908.44	1.55671	7908.07	1.96071
1512409213364	23.31	7907.44	1.5899	7907.4	1.58114	7907.15	1.81871	7907.2	1.5	7907.68	1.83104
1512409214421	23.31	7907.11	2.36878	7907.2	2.08167	7906.92	2.326	7907.04	2.13073	7907.2	1.8159
1512409215527	23.31	7908.33	2.29129	7908.4	1.93649	7908.08	2.13937	7908.12	2.02731	7908.25	1.93388
1512409216611	23.31	7910	2.64575	7909.32	2.15484	7909.31	2.71982	7909.16	2.13464	7908.61	1.88173
1512409217658	23.31	7909.22	2.22361	7908.68	2.23084	7908.85	2.33973	7908.4	2.21736	7907.92	1.9076
1512409218767	23.31	7907.78	1.48137	7907.76	2.08726	7907.85	2.1543	7907.8	2.12132	7908.41	2.07247
1512409219792	23.31	7907.67	1.58114	7907.64	1.89033	7907.54	1.85362	7907.32	1.8421	7907.56	1.83916
1512409220804	23.32	7909	2.73861	7909.12	2.47184	7908.69	2.42846	7908.68	2.54493	7908.79	2.04925
1512409221827	23.32	7908.78	2.90593	7908.84	2.42693	7908.46	2.56955	7908.48	2.45153	7908.41	1.89388
1512409222918	23.31	7908.89	2.20479	7908.88	2.47184	7908.69	2.46254	7908.4	2.17945	7908.44	1.90061
1512409224009	23.32	7910.11	1.53659	7909.32	1.93046	7909.46	1.94145	7908.88	2.02731	7909.28	2.10323
1512409225034	23.31	7908.44	1.5899	7907.84	1.67531	7908.15	1.81871	7907.56	1.78139	7907.6	1.85163
1512409226060	23.32	7907.89	2.26078	7907.76	1.92094	7907.62	2.02231	7907.52	1.85113	7907.5	2.05681
1512409227086	23.32	7906.67	1.93649	7906.36	1.9975	7906.23	2.04751	7906.08	1.86905	7906.34	1.99101
1512409228111	23.32	7907.44	1.50923	7907.04	2.00998	7907	1.95789	7907	2.17945	7907	1.9685
1512409229121	23.31	7907.44	1.81046	7906.88	2.1276	7906.85	2.1543	7906.76	2.1848	7907.32	2.14296
1512409230172	23.32	7911.56	2.18581	7911.4	2.06155	7911.15	2.19265	7911.08	2.17792	7910.39	2.11649
1512409231198	23.31	7909.11	2.36878	7909.2	2.10159	7908.77	2.08782	7908.88	2.18556	7909.48	2.21287
1512409232226	23.31	7910.33	2.23607	7909.96	2.0306	7909.77	2.04751	7910	2.16025	7910.6	2.23895
1512409233354	23.32	7909.56	2.87711	7908.88	2.31517	7909	2.54951	7908.76	2.50466	7908.7	1.93402
1512409234363	23.33	7909	2.06155	7908.72	2.15097	7908.46	1.94145	7908.4	2.02073	7908.98	1.91887
1512409235407	23.33	7908.22	2.10819	7908.28	2.37206	7908	1.87083	7908.12	2.14709	7908.91	2.05437
1512409236453	23.32	7908.33	2	7908	2.27303	7907.77	1.96443	7907.72	2.13151	7908.59	2.0902
1512409237469	23.33	7908.33	2	7908.2	2.16025	7907.69	2.17503	7907.76	2.08726	7908.73	2.16986
1512409238512	23.33	7908.22	1.7873	7908.16	1.7	7908.08	1.70595	7908.08	1.6052	7908.6	1.60156
1512409239554	23.32	7909.33	2.23607	7908.88	2.16641	7909	2.51661	7908.72	2.30072	7908.95	1.92771
1512409240647	23.32	7907.78	2.27913	7908.04	1.90351	7907.69	2.21302	7907.84	1.97231	7908.11	1.81819
1512409241657	23.33	7908.67	1.80278	7908.04	1.85921	7908.31	1.97419	7907.8	2.10159	7907.56	1.97585
1512409242682	23.33	7907.22	2.3863	7906.92	2.28983	7906.85	2.37508	7906.68	2.41039	7907.25	2.0137
1512409243733	23.33	7908	2.29129	7907.84	2.28546	7907.69	2.56205	7907.6	2.38048	7908.1	1.79282
1512409244736	23.33	7907.56	2.12786	7907.88	2.04776	7907.38	2.2188	7907.48	2.06398	7907.95	1.89226
1512409245759	23.33	7907.67	2.64575	7906.96	2.05102	7907.08	2.49872	7906.72	2.11187	7907.62	2.14528
1512409246785	23.33	7907	3	7906.56	2.34663	7906.46	2.72688	7906.36	2.36079	7907.45	1.92797
1512409247874	23.33	7906.56	2.4037	7906.48	2.20076	7906.38	2.46774	7906.28	2.18937	7906.73	1.80276
1512409248885	23.33	7908.22	2.10819	7907.88	2.06801	7907.85	2.26738	7907.68	2.03552	7907.4	1.97705
1512409249925	23.33	7906.44	1.81046	7906.24	2.24128	7906.15	1.81871	7906.32	2.19317	7906.92	2.02051
1512409250955	23.33	7907.56	1.66667	7906.84	1.88591	7907.08	1.75412	7906.88	1.85562	7906.68	1.74958
1512409252059	23.32	7907.56	1.94365	7907.32	1.8868	7907.23	1.69085	7907.2	1.87083	7907.44	1.94379
1512409253115	23.31	7910.78	2.27913	7910.48	1.78232	7910.46	2.10616	7910.16	1.86369	7910.17	1.9826
1512409254253	23.32	7910.56	3.16667	7910.24	2.53772	7910.08	2.81252	7910.12	2.57099	7909.79	1.74745
1512409255437	23.31	7910.11	2.66667	7909.84	2.39235	7909.46	2.63361	7909.56	2.45085	7910.03	1.88037
1512409256490	23.31	7910.22	2.53859	7910.2	2.27303	7909.92	2.46514	7909.88	2.02731	7909.9	1.91476
1512409257514	23.3	7910.33	2.39792	7910.08	2.62869	7910.08	2.72218	7910	2.69258	7909.88	2.2419
1512409258526	23.31	7909.44	1.74005	7909.4	2.02073	7909.46	2.3315	7909.2	2.02073	7909.91	2.41685
1512409259549	23.31	7910.22	2.27913	7910.2	1.82574	7910.08	2.13937	7909.96	1.88149	7910.41	2.1248
1512409260590	23.31	7910.89	2.20479	7911.04	1.7673	7910.69	2.01596	7910.52	1.89561	7910.72	2.01211
1512409261633	23.31	7909.22	1.85592	7909.8	1.63299	7909.31	1.84321	7909.56	1.63503	7909.96	2.1356
1512409262642	23.32	7910.22	3.03223	7909.96	2.45764	7909.85	2.76424	7909.56	2.55082	7910.2	2.32415
1512409263677	23.31	7911.33	2.29129	7911	1.80278	7910.77	2.12736	7910.88	2.26053	7911	2.23607
1512409264723	23.31	7911.22	1.98606	7910.96	1.94679	7910.77	1.92154	7910.72	1.81475	7911.3	2.01888
1512409265729	23.32	7910	2.17945	7909.68	1.81934	7909.31	2.13638	7909.56	1.87261	7910.53	2.26165
1512409266854	23.32	7909.44	2.50555	7909.04	2.05102	7908.77	2.38586	7908.84	2.19241	7909.4	2.00036
1512409267893	23.32	7910.33	2.34521	7910.28	2.0108	7910.08	2.01914	7909.88	2.14709	7909.85	1.88834
1512409268957	23.32	7909	1.80278	7909.28	2.09205	7909.08	1.84669	7909.08	1.91311	7909.57	1.94361
1512409269992	23.32	7909.33	1.65831	7909.44	1.87261	7909.46	1.61325	7909.48	1.73494	7909.55	1.87316
1512409271001	23.32	7908.78	1.92209	7908.72	1.67133	7908.69	1.60128	7908.52	1.5843	7909.04	1.98004
1512409272109	23.31	7908.22	2.04803	7908.4	1.87083	7908.08	1.75412	7908.16	1.88591	7908.39	2.12386
1512409273209	23.31	7909.22	1.48137	7909.28	1.6207	7909	1.29099	7909.04	1.54056	7909.15	1.96406
1512409274248	23.31	7906.89	1.2693	7906.8	1.55456	7906.77	1.09193	7906.64	1.57797	7907.35	2.14056
1512409275275	23.32	7907.44	2.35112	7906.48	2.14321	7906.85	2.30384	7906.4	2.12132	7906.51	1.85154
1512409276317	23.31	7906.78	2.33333	7906.32	2.15484	7906.31	2.32324	7906.2	2.12132	7906.28	1.96703
1512409277392	23.31	7906.89	1.69148	7906.2	1.70783	7906.31	1.84321	7906.16	1.772	7906.93	1.97245
1512409278427	23.31	7907.44	2.24227	7906.6	2.06155	7906.77	2.35067	7906.52	2.08407	7906.55	1.87316
1512409279492	23.31	7908	2.44949	7907.6	1.89297	7907.46	2.18386	7907.16	2.2301	7906.54	2.05634

1512409280642	23.32	7907.67	1.73205	7907.08	1.6563	7907.15	1.81871	7906.96	1.7195	7906.76	1.8667
1512409282227	23.42	7907.33	1.58114	7906.84	1.54596	7906.92	1.65638	7906.76	1.53514	7906.68	1.81154
1512409283255	23.44	7900.33	1.58114	7901.12	1.81016	7901.31	2.17503	7901	1.73205	7900.69	1.9782
1512409284279	23.42	7902	1.58114	7903	1.95789	7902.23	1.87767	7902.84	1.99332	7903.2	1.91909
1512409285320	23.42	7908.78	3.19287	7908.76	2.84722	7909.15	3.43623	7908.84	2.71846	7908.65	2.0963
1512409286346	23.42	7914.11	1.61589	7914.4	2.53311	7914.77	2.42053	7914.08	2.3615	7914.21	2.39606
1512409287479	23.43	7920.11	2.26078	7920.28	1.79165	7920.23	1.96443	7919.96	1.59374	7920.16	2.02075
1512409288495	23.44	7923.89	2.20479	7925.72	2.74651	7924.92	2.69139	7925.24	2.31445	7926.11	2.49031
1512409289546	23.44	7927.22	2.77389	7928.28	2.20832	7927.62	2.50128	7928.12	2.08806	7928.48	2.16529
1512409290664	23.44	7928.44	2.29734	7929.56	2.23756	7928.69	2.28709	7929.6	2.29129	7930.07	2.2091
1512409291713	23.44	7933.67	1.11803	7934.16	1.95107	7933.85	1.14354	7934.08	1.6052	7934.84	2.11559
1512409292740	23.47	7937	1.73205	7937.64	1.75309	7937.23	1.5359	7937.44	1.66032	7937.58	1.97532
1512409293782	23.47	7937.11	1.76383	7937.96	1.88149	7937.69	1.97419	7938	2.36291	7938.15	2.17698
