Timetstamp	FPA	C9	Sigma	C25	Sigma	D13	Sigma	D25	Sigma	R8	Sigma
1512479540117	25.49	7846	1.87083	7845.56	1.58325	7845.85	1.67562	7845.56	1.58325	7845.56	2.05579
1512479541518	25.62	7846	1.87083	7845.56	1.58325	7845.85	1.67562	7845.56	1.58325	7845.56	2.05579
1512479542544	25.64	7829.89	1.05409	7829.04	1.67033	7829.69	1.4367	7829.04	1.74356	7828.75	2.09173
1512479543616	25.63	7833.22	1.20185	7832.8	1.60728	7833	1.58114	7832.72	1.56844	7833.24	2.29078
1512479544641	25.63	7840.78	2.22361	7839.68	2.46171	7840.54	2.50384	7839.88	2.45493	7839.59	1.95635
1512479545670	25.64	7847.11	1.69148	7845.44	2.31084	7846.77	1.58923	7845.4	2.27303	7844.97	2.24637
1512479546681	25.64	7850	1.5	7849.6	1.93649	7850.08	1.5525	7849.36	1.9975	7848.88	1.93786
1512479547737	25.66	7851.44	1.81046	7852	1.68325	7851.69	1.75046	7851.8	1.55456	7852.19	2.02495
1512479548796	25.68	7857.22	1.56347	7857.04	1.67033	7857.31	1.75046	7856.92	1.70587	7856.77	2.02326
1512479549838	25.68	7861	1.22474	7860.76	1.85472	7860.85	1.46322	7860.36	1.93391	7859.85	2.04206
1512479550864	25.7	7861.78	1.85592	7861.2	1.63299	7861.62	1.55662	7861.08	1.6563	7861.34	1.82447
1512479551889	25.71	7862.33	2.44949	7862.36	2.23383	7862.38	2.02231	7862.12	2.06801	7862.64	2.1706
1512479552901	25.72	7863.67	1.5	7863.36	1.68028	7863.62	1.50214	7863.08	1.68127	7863.4	1.87678
1512479553950	25.71	7864.78	0.833333	7864.6	1.32288	7864.77	0.83205	7864.44	1.32539	7864.9	1.99887
1512479554966	25.74	7866.67	1	7865.08	1.89121	7866	1.41421	7865.16	1.8412	7864.93	1.86263
1512479556016	25.74	7867.33	1.73205	7865.96	1.81384	7866.69	1.75046	7865.96	1.81384	7866.15	1.96842
1512479557053	25.75	7867.11	0.781736	7866.84	1.28062	7867.08	0.954074	7866.68	1.31403	7866.82	1.99041
1512479558153	25.74	7866.67	1.58114	7866.52	1.61038	7866.46	1.56074	7866.36	1.46856	7866.51	1.96882
1512479559204	25.75	7867.33	2.29129	7866.64	2.07926	7866.77	2.08782	7866.4	2.04124	7866.57	1.90573
1512479560241	25.76	7866.11	1.90029	7865.44	1.60935	7865.69	1.79743	7865.44	1.70978	7865.23	1.87635
1512479561397	25.76	7865.44	1.5899	7865.08	1.41185	7865.08	1.60528	7864.56	1.73397	7864.22	1.88666
1512479562404	25.76	7862.56	1.87824	7861.68	1.62583	7862.38	1.60927	7861.64	1.70489	7861.84	1.85312
1512479563429	25.75	7862.22	1.64148	7861.84	1.86369	7862.23	2.12736	7861.8	1.87083	7861.74	2.08856
1512479564434	25.75	7861.11	1.2693	7860.8	1.47196	7861	1.52753	7860.56	1.52971	7860.9	1.95513
1512479565480	25.76	7859.67	0.707107	7859.4	1.08012	7859.54	0.877058	7859.04	1.05987	7859.75	1.79708
1512479566486	25.75	7859.33	1.22474	7858.56	1.60935	7859.23	1.23517	7858.72	1.54164	7858.84	1.86528
1512479567512	25.76	7856.56	1.01379	7856.2	1.68325	7856.62	1.19293	7856.2	1.70783	7856.59	1.82694
1512479568562	25.76	7857.78	1.20185	7856.64	1.86815	7857.23	1.92154	7856.72	1.74452	7856.63	1.81556
1512479569651	25.76	7855.78	1.56347	7855.16	1.72434	7855.69	1.75046	7854.96	1.7195	7855.47	1.86817
1512479570677	25.75	7854.78	1.39443	7854.44	1.47422	7854.85	1.3445	7854.12	1.42361	7854.45	1.92256

1512479571739	25.75	7853.89	1.69148	7853.48	1.73494	7854	1.52753	7853.12	1.83303	7852.96	1.86479
1512479573324	25.85	7832.78	2.16667	7832.6	1.89297	7832.77	2.08782	7832.84	1.92959	7832.66	2.06588
1512479574350	25.85	7826.67	2	7826.76	1.69017	7827	1.87083	7827	1.55456	7826.46	1.91752
1512479575416	25.84	7828.22	1.98606	7828	1.77951	7828.23	1.92154	7828.16	1.90788	7827.68	1.99703
1512479576429	25.84	7833.11	1.76383	7833.56	1.44568	7833.54	1.71345	7833.6	1.44338	7833.66	2.11077
1512479577531	25.84	7836	1.80278	7836.32	1.79629	7836.38	1.66024	7836.6	1.87083	7836.25	2.08986
1512479578556	25.84	7839.67	1.22474	7839.08	1.55242	7839.38	1.3253	7839.4	1.44338	7839.26	1.92441
1512479579582	25.85	7843.11	2.02759	7842.92	2.03961	7842.85	2.03495	7842.56	2.14243	7843.18	2.2669
1512479580628	25.84	7842.56	1.87824	7842.84	1.86369	7842.62	1.93815	7842.72	1.94765	7843.32	2.24546
1512479581633	25.84	7848.78	1.30171	7848.12	1.50886	7848.69	1.37747	7848.04	1.69509	7847.1	1.9647
1512479582705	25.86	7851.56	1.94365	7850.8	1.91485	7850.92	1.93484	7850.84	2.07525	7850.12	2.21385
1512479583729	25.86	7852.22	1.7873	7851.72	1.51438	7852	1.63299	7851.72	1.64621	7851.34	1.95447
1512479584824	25.85	7853.22	1.56347	7853.12	1.42361	7853.15	1.3445	7853.32	1.54704	7853.03	2.02185
1512479585850	25.85	7854.22	1.20185	7853.28	1.45831	7853.77	1.42325	7853.36	1.72916	7853.4	1.99254
1512479586876	25.85	7853.89	1.05409	7853.56	1.66032	7853.85	1.3445	7853.36	1.93391	7853.5	2.04411
1512479587947	25.85	7854.89	1.05409	7854.32	1.43527	7854.77	0.926809	7854.28	1.42945	7853.69	1.89207
1512479589041	25.85	7854.56	1.23603	7854.2	1.60728	7854.15	1.21423	7854.2	1.73205	7854.02	2.07785
1512479590113	25.84	7854	1	7853.36	1.52425	7853.69	1.03155	7853.56	1.29357	7853.36	2.00303
1512479591141	25.85	7854.89	0.927961	7854.08	1.6563	7854.77	1.23517	7854.16	1.54596	7853.6	1.95027
1512479592216	25.84	7852.67	0.707107	7852.6	1.5	7852.77	0.926809	7852.76	1.87705	7853.01	2.11884
1512479593248	25.85	7853.67	1	7852.72	1.54164	7853.23	1.64083	7852.84	1.51877	7852.19	1.96491
1512479594295	25.84	7852.11	1.2693	7851.64	1.62993	7852.08	1.49786	7851.68	1.67631	7850.98	2.03735
1512479595340	25.83	7850.11	1.53659	7849.8	1.38444	7849.77	1.42325	7849.72	1.69607	7849.66	2.06548
1512479596344	25.84	7850.22	1.20185	7849.12	1.96469	7849.69	1.4367	7849	1.84842	7849.17	2.05484
1512479597422	25.84	7848.89	1.53659	7847.84	1.8412	7848.54	1.5064	7848.04	1.61967	7847.75	1.88202
1512479598549	25.83	7847.11	1.36423	7846.4	1.60728	7847.15	1.21423	7846.48	1.50333	7845.75	1.80069
1512479599623	25.81	7846.22	1.48137	7845.52	1.55778	7846.15	1.28103	7845.68	1.37598	7844.59	1.81837
1512479600673	25.82	7845.22	2.10819	7844.76	1.56205	7845.08	1.801	7844.8	1.68325	7844.6	2.1917
1512479601690	25.81	7843.33	1.87083	7843	1.52753	7843.38	1.55662	7843.08	1.57903	7843.34	2.01224
1512479602716	25.82	7841.67	2	7842.2	1.58114	7842.08	1.801	7842.28	1.6207	7842.73	1.92027

1512479603740	25.81	7839.89	1.45297	7840.48	1.5308	7840.46	1.56074	7840.6	1.55456	7840.93	1.96602
1512479605387	25.9	7834.89	1.90029	7834.8	1.60728	7835.08	1.84669	7835.12	1.76352	7835.07	2.306
1512479606463	25.92	7830.33	1.80278	7830	1.38444	7830.23	1.5359	7830.12	1.33292	7829.4	2.01075
1512479607516	25.91	7831.78	0.971825	7831.28	1.36991	7831.62	1.19293	7831.16	1.46287	7830.46	1.791
1512479608559	25.9	7834.44	1.33333	7834.28	1.27541	7834.69	1.31559	7834.28	1.27541	7834.22	2.00632
1512479609615	25.89	7839.56	1.5899	7839.36	1.22066	7839.54	1.45002	7839.52	1.41774	7839.61	1.95799
1512479610693	25.88	7844.22	1.30171	7843.68	1.40594	7844.15	1.14354	7843.96	1.13578	7842.4	2.23406
1512479611769	25.89	7850.11	1.2693	7849.92	1.49778	7850.08	1.11516	7849.76	1.69017	7849.04	2.17187
1512479612792	25.89	7850.78	1.39443	7850.72	1.4	7851	1.52753	7850.72	1.27541	7850.83	2.12708
1512479613884	25.89	7853.33	1	7852.96	1.48549	7853.38	1.04391	7852.96	1.45717	7852.45	1.76139
1512479614908	25.9	7852.78	1.85592	7852.48	1.44684	7852.46	1.61325	7852.2	1.82574	7852.24	1.96261
1512479615921	25.9	7855.33	2	7854.88	1.50886	7855.08	1.801	7854.56	2.02237	7853.71	1.84807
1512479616945	25.9	7855.67	1.5	7854.92	1.41185	7855.46	1.45002	7855	1.38444	7854.58	2.2835
1512479617996	25.9	7857.44	1.01379	7856.8	1.60728	7857.62	0.960769	7856.88	1.48099	7856.37	2.07023
1512479619054	25.89	7856	1.65831	7856.6	1.91485	7856.23	1.64083	7856.08	1.95619	7856.47	2.26158
1512479620071	25.9	7855.33	0.866025	7856.04	1.56738	7855.77	1.30089	7855.6	1.95789	7855.52	2.06935
1512479621073	25.9	7855	1.5	7855.2	1.35401	7855	1.29099	7854.84	1.67531	7855.22	2.22306
1512479622187	25.9	7854.22	1.30171	7854.2	1.60728	7854.31	1.1094	7854.12	1.61555	7854.08	2.10386
1512479623212	25.9	7852.78	2.68225	7851.92	2.39653	7852.46	2.25889	7851.88	2.2971	7851.87	2.04188
1512479624263	25.89	7851.67	2	7851.92	1.70587	7851.85	1.77229	7851.76	1.83212	7851.67	1.94558
1512479625329	25.89	7850.78	1.7873	7850.76	1.56205	7850.85	1.46322	7850.56	1.82757	7850.8	1.90738
1512479626405	25.89	7850.67	1.93649	7850.32	1.54704	7850.38	1.7097	7850.16	1.99332	7850.32	2.02037
1512479627446	25.88	7850.44	1.33333	7850.08	1.46969	7850.15	1.21423	7849.92	1.82392	7849.84	2.1238
1512479628494	25.86	7849.78	1.98606	7849.8	1.70783	7849.54	1.71345	7849.52	2.0025	7848.38	2.14042
1512479629542	25.88	7846.67	1.93649	7846.6	2.36291	7846.69	2.17503	7846.56	2.36432	7846.32	2.12588
1512479630637	25.88	7846.11	1.36423	7846.04	1.61967	7846.23	1.30089	7846	1.70783	7845.53	1.94459
1512479631647	25.88	7846	1.32288	7845.52	1.85113	7846.08	1.11516	7845.36	2.03879	7845.43	2.02241
1512479632690	25.85	7844.89	1.45297	7844.8	1.80278	7845.15	1.3445	7844.84	1.90788	7844.55	1.85079
1512479633713	25.85	7843.56	1.94365	7843.68	1.74929	7843.69	1.70219	7843.56	2.04287	7843.51	1.95552
1512479634748	25.84	7843.33	1.65831	7843.16	1.57268	7843.23	1.42325	7843	1.82574	7842.18	2.03952

1512479635782	25.84	7842	1.93649	7841.64	1.72916	7841.92	1.70595	7841.52	2.0232	7840.77	2.09907
1512479637369	25.95	7834.67	1.93649	7834.84	2.19241	7835.31	2.17503	7834.92	1.86905	7834.74	2.2633
1512479638435	25.95	7829.44	2.00693	7830.04	1.88149	7830.31	2.17503	7829.92	1.86905	7829.68	1.94733
1512479639536	25.94	7831.44	2.06828	7831.56	2.04287	7831.85	1.81871	7831.2	2.3094	7831.2	1.9237
1512479640598	25.93	7836.56	1.33333	7836.28	1.56844	7836.77	1.16575	7835.8	2.12132	7835.59	1.932
1512479641692	25.93	7841.89	0.927961	7841.72	1.2083	7842.08	1.25576	7841.2	1.93649	7840.59	1.86339
1512479642796	25.93	7846.78	1.98606	7845.84	2.01412	7846.69	1.6525	7845.72	2.15097	7845.4	2.285
1512479643857	25.93	7848	1.93649	7848.12	1.81016	7848.38	1.75777	7848.12	2.00666	7849.07	1.86822
1512479644892	25.93	7851.78	2.63523	7852.24	2.47117	7851.85	2.40992	7851.68	2.74955	7851.47	2.02334
1512479645908	25.91	7855.56	2.12786	7855.16	2.2301	7855.92	2.28989	7855.52	2.12368	7855.65	1.94152
1512479646932	25.92	7860.11	2.08833	7860.16	1.92959	7860.15	1.99358	7859.64	2.11896	7860.37	2.35534
1512479647943	25.92	7859.44	1.424	7859.28	1.81475	7859.46	1.33012	7859.12	1.73973	7859.57	1.85588
1512479648985	25.91	7862.89	1.96497	7861.8	2.16025	7862.54	1.89804	7861.76	1.92094	7861.35	2.09382
1512479649994	25.91	7863.89	3.01846	7863.16	2.2487	7863.62	2.53438	7862.76	2.48797	7862.52	1.98713
1512479651045	25.91	7863	2.29129	7862.48	1.78232	7862.77	2.0064	7862.32	1.86458	7862.26	1.85832
1512479652046	25.91	7862.56	2.35112	7861.88	1.81016	7862.31	2.05688	7861.64	2.03879	7861.63	1.79826
1512479653423	25.91	7861.89	2.47207	7862.04	1.6452	7861.92	2.06	7861.72	1.83757	7861.66	1.65377
1512479654439	25.91	7860.67	2.5	7861.28	2.42418	7861.31	2.52932	7861.04	2.37136	7861.92	2.14412
1512479655578	25.9	7862.56	1.94365	7863.04	1.94679	7862.85	1.77229	7862.68	1.90875	7862.69	1.97242
1512479656607	25.9	7862.89	2.20479	7863.04	2.00998	7863.08	1.89128	7862.52	1.85113	7862.75	2.02402
1512479657646	25.89	7862.56	1.74005	7862.12	1.76352	7862.38	1.50214	7861.8	1.80278	7862.38	1.97329
1512479658672	25.89	7861.67	2.29129	7861.12	1.87794	7861.38	1.98068	7860.88	1.96469	7861.4	1.72343
1512479659795	25.89	7860.11	2.36878	7859.72	1.94765	7859.69	2.09701	7859.24	1.89912	7860.21	1.90901
1512479660840	25.88	7858.22	2.48886	7858.12	1.98578	7858	2.16025	7857.68	1.99416	7858.69	1.81048
1512479661854	25.88	7858.11	2.93447	7858.08	2.23458	7858	2.48328	7857.68	2.34023	7858.15	2.04116
1512479662898	25.86	7857.22	2.16667	7857.04	1.85921	7857.15	1.99358	7856.76	1.89912	7857.14	2.01972
1512479663914	25.86	7855.56	2.18581	7856.28	1.88237	7855.92	1.93484	7855.96	1.96808	7856.59	1.97466
1512479664984	25.86	7855.78	2.10819	7856.08	1.97737	7856.23	1.92154	7856.04	1.96808	7855.91	2.12662
1512479666011	25.85	7853.11	2.26078	7853.4	1.91485	7853.23	1.92154	7853.04	2.05102	7854.3	2.04706
1512479667084	25.84	7852.33	1.93649	7852.6	1.77951	7852.62	1.75777	7852.2	1.80278	7852.94	1.91536

1512479668238	25.83	7853.22	2.10819	7853	1.87083	7853.31	1.97419	7852.6	2	7852.8	1.92722
1512479669823	25.93	7853	2.12132	7852.8	1.82574	7853.15	1.99358	7852.44	2.02237	7852.56	1.88962
1512479670847	25.95	7830.33	1.41421	7830.08	1.6052	7830.15	1.46322	7829.68	1.54704	7829.92	1.82836
1512479671903	25.93	7830.22	1.39443	7830.56	1.68523	7830.38	1.44559	7830.08	1.86905	7830.37	1.82414
1512479672930	25.92	7836.67	2.82843	7836.28	1.94765	7836.69	2.32324	7836.36	2.11896	7836.38	2.0859
1512479673985	25.93	7839.89	1.05409	7839.72	1.72047	7840.23	1.48064	7839.68	1.6	7839.49	1.84309
1512479675066	25.91	7843.22	1.85592	7844.16	2.76405	7844.23	3.11325	7843.84	2.82371	7844.62	2.34453
1512479676107	25.91	7850.89	2.93447	7850.72	2.7313	7850.92	2.53185	7850.28	2.7313	7849.78	2.23306
1512479677134	25.91	7855	1.32288	7854.4	1.35401	7854.77	1.23517	7854.16	1.43411	7853.95	1.70398
1512479678160	25.91	7859.33	1.32288	7858.56	1.82757	7859.08	1.93484	7858.48	1.85113	7858.09	2.05333
1512479679174	25.9	7859.56	1.66667	7858.2	1.70783	7858.85	1.81871	7858.2	1.84842	7858.4	1.80057
1512479680219	25.89	7860.11	1.45297	7859.92	1.44106	7860	1.58114	7859.6	1.70783	7860.29	1.77622
1512479681236	25.9	7861.78	1.92209	7861.68	1.51987	7861.77	1.7867	7861.2	1.82574	7861.41	1.80662
1512479682311	25.9	7862.22	1.71594	7862.48	1.47535	7862.31	1.54837	7861.92	1.75404	7861.41	1.94543
1512479683411	25.91	7863.44	1.01379	7862.96	1.83666	7863.23	1.83275	7862.64	2.03879	7861.81	1.95161
1512479684437	25.91	7862.11	1.36423	7861.92	1.63095	7862.15	1.90815	7861.92	1.6563	7861.69	1.8727
1512479685450	25.92	7862.44	1.33333	7861.88	1.66633	7862.23	2.04751	7861.52	1.8735	7861.5	1.91791
1512479686478	25.91	7861.44	1.33333	7861.16	1.86369	7861.23	2.0064	7860.52	2.0232	7860.92	1.78634
1512479687504	25.9	7860.22	1.48137	7860	1.93649	7860	2.12132	7859.24	2.0672	7859.78	1.82777
1512479688576	25.89	7860.22	1.39443	7860.04	1.83666	7860.08	1.60528	7859.44	1.78139	7859.73	1.99999
1512479689669	25.89	7858.67	1.11803	7858.8	1.41421	7858.69	1.37747	7858.48	1.26227	7858.87	1.90908
1512479690695	25.88	7857.78	1.85592	7857.84	1.81842	7857.62	1.60927	7857.32	1.8868	7857.57	2.09576
1512479691721	25.88	7857.22	1.98606	7857.56	1.60935	7857.15	1.77229	7856.88	1.78699	7857.51	2.02615
1512479692746	25.88	7856.33	2.12132	7856.24	1.64012	7856.23	1.96443	7855.8	1.95789	7855.48	1.85144
1512479693771	25.88	7854.22	1.48137	7854.24	1.53514	7854.15	1.62512	7853.84	1.72434	7854.1	1.79398
1512479694798	25.88	7852.67	1.73205	7853.36	1.75309	7852.92	1.97744	7852.8	1.80278	7853.68	1.77963
1512479695823	25.85	7852.11	1.83333	7852.52	1.68622	7852.15	1.86396	7852.12	1.76352	7852.52	1.86272
1512479696971	25.84	7851.33	1.80278	7851.28	1.54164	7851.23	1.64083	7850.92	1.6563	7851.48	1.89047
1512479698002	25.85	7850.89	1.05409	7850.32	1.31403	7850.46	1.5064	7850.28	1.4	7850.25	1.78545
1512479699028	25.84	7847.89	1.45297	7847.88	1.53623	7847.85	1.57301	7847.68	1.57374	7848.27	1.80276

1512479700118	25.84	7847.11	0.781736	7847.04	1.09848	7847.15	1.06819	7846.8	1.11803	7847.46	1.90104
1512479701734	25.94	7847.11	0.781736	7847.04	1.09848	7847.15	1.06819	7846.8	1.11803	7847.46	1.90104
1512479702784	25.94	7828.11	2.26078	7827.36	2.27083	7827.69	2.13638	7827.28	2.18937	7827.9	2.0655
1512479703844	25.94	7828.11	2.31541	7827.4	2.23607	7827.46	2.29548	7827.12	2.18556	7828.42	2.10283
1512479704903	25.93	7831.89	2.31541	7832.16	2.17332	7832.31	2.28709	7832.04	2.13073	7833.42	2.52401
1512479705950	25.92	7837	2	7837.6	2.14087	7837.38	1.85016	7837.12	2.06801	7838.58	2.31971
1512479706975	25.92	7844.44	2.60342	7843.96	2.22636	7844.62	2.36426	7843.72	2.42418	7843.69	2.73228
1512479708003	25.91	7848.67	3.96863	7848.36	2.87054	7848.69	3.37601	7848.04	3.1686	7847.83	2.37977
1512479709027	25.91	7851.22	2.43812	7850.84	2.2301	7851.38	2.14237	7850.6	2.36291	7850.95	2.26681
1512479710055	25.91	7856	1.32288	7855.92	1.55242	7855.77	1.23517	7855.44	1.38684	7856.21	2.17262
1512479711085	25.9	7857.33	2.12132	7856.92	1.75404	7857.08	1.84669	7856.88	1.9	7857.69	2.13764
1512479712120	25.91	7861.33	1.87083	7860.56	1.95959	7860.77	1.87767	7860.32	1.81934	7860.27	1.97437
1512479713146	25.9	7859.67	1.58114	7858.92	1.41185	7859.31	1.49358	7858.6	1.68325	7859.39	1.99981
1512479714220	25.9	7862.33	0.866025	7861.6	1.44338	7862.08	1.32045	7861.4	1.73205	7862.08	1.72276
1512479715311	25.91	7861.56	1.01379	7861.12	1.39403	7861.62	0.960769	7860.92	1.55242	7861.74	1.71015
1512479716336	25.91	7863.11	1.16667	7861.84	1.72434	7863	1	7861.8	1.93649	7861.53	1.95002
1512479717364	25.92	7862.11	2.31541	7861.04	2.05102	7862	1.91485	7860.92	2.19697	7860.75	2.07485
1512479718437	25.92	7860.11	1.90029	7859.36	1.823	7860	1.68325	7859.48	1.85113	7859.63	2.02477
1512479719511	25.92	7862.22	1.85592	7861.52	1.85113	7861.92	1.65638	7861.08	2.19697	7861	2.31616
1512479720553	25.91	7860.22	2.10819	7859.68	1.86458	7860.23	1.73944	7859.24	2.24128	7859.23	2.05392
1512479721579	25.92	7856.78	1.64148	7856.48	2.10396	7856.85	1.57301	7856.16	1.86369	7857.14	2.21644
1512479722618	25.92	7856.22	1.92209	7856.36	1.93391	7856.08	1.75412	7855.68	2.03552	7856.62	2.21457
1512479723620	25.91	7855.11	1.61589	7854.92	1.52534	7854.92	1.38212	7854.48	1.91746	7855.32	2.14782
1512479724638	25.91	7853.67	2.23607	7853.04	2.07123	7853.23	2.04751	7852.84	2.01412	7853.31	2.26035
1512479725664	25.89	7854.22	2.16667	7853.48	1.80555	7854	1.82574	7853.48	1.96044	7853.95	2.21569
1512479726691	25.9	7854.67	1.65831	7854.08	1.70587	7854.15	1.67562	7853.72	1.94765	7853.74	1.95928
1512479727770	25.89	7852.22	1.64148	7851.4	1.44338	7851.69	1.60128	7851.12	1.94336	7851.76	2.13302
1512479728923	25.89	7852.22	1.64148	7851.4	1.44338	7851.69	1.60128	7851.12	1.94336	7851.76	2.13302
1512479729950	25.88	7852.22	1.64148	7851.4	1.44338	7851.69	1.60128	7851.12	1.94336	7851.76	2.13302
1512479734221	25.67	7828.22	2.68225	7828	2.25462	7828.38	2.56705	7827.68	2.30434	7826.67	2.51913

1512479735249	25.72	7818.56	1.5899	7817.92	1.99833	7818.77	1.48064	7818.12	1.94336	7817.27	2.05452
1512479736869	25.84	7825.89	1.96497	7825.52	1.71075	7825.92	1.75412	7825.48	1.73494	7825.84	2.20007
1512479737964	25.86	7821.56	1.33333	7821.12	1.83303	7821.69	1.4367	7821.08	2.08006	7821.21	1.76439
1512479738990	25.86	7824.22	1.64148	7824.8	2.02073	7824.46	1.45002	7824.44	2.02237	7824.83	2.07585
1512479740016	25.88	7832.22	2.68225	7832.48	3.05669	7832.46	3.01705	7832.24	2.77308	7833.79	2.47518
1512479741101	25.89	7840.44	1.66667	7839.84	2.15407	7840.62	1.75777	7840.12	1.96469	7840.25	1.88754
1512479742165	25.9	7846.78	1.98606	7845.96	2.50799	7846.69	2.01596	7845.92	2.27156	7845.74	2.44473
1512479743273	25.92	7849.78	1.85592	7849.28	2.52521	7850	1.95789	7849.32	2.59358	7848.88	2.19495
1512479744331	25.93	7853.56	1.87824	7853.56	2.21886	7853.54	1.8081	7853.2	2.29129	7853.67	2.1732
1512479745356	25.95	7856.22	2.27913	7856.04	1.88149	7856.31	1.97419	7855.92	1.93477	7856.24	1.90333
1512479746382	25.95	7860.44	1.74005	7859.04	2.11108	7859.62	2.2188	7858.88	2.18556	7859.43	2.0378
1512479747433	25.96	7864.22	1.56347	7863	2.5	7863.92	1.84669	7862.8	2.62996	7862.1	2.36503
1512479748479	25.97	7862.33	1.73205	7861.56	2.2745	7862.08	1.93484	7861.24	2.29637	7861.54	2.0915
1512479749504	25.98	7862.33	1.87083	7861.84	2.11503	7861.85	1.77229	7861.52	1.89561	7862.65	2.04601
1512479750529	25.99	7861.89	1.61589	7861.28	2.11187	7861.69	1.54837	7860.96	2.09125	7862.26	2.40122
1512479751558	25.99	7863.11	1.96497	7862.92	2.84195	7863	2	7862.52	3.04302	7863.16	2.49096
1512479752650	25.99	7862.78	1.7873	7862.72	2.24574	7862.62	1.66024	7862.4	2.39792	7862.6	2.07701
1512479753737	25.99	7861.33	1.41421	7861.2	2.23607	7861.15	1.40512	7860.68	2.32236	7861.07	2.04505
1512479754831	25.99	7859.33	2	7858.56	2.21886	7858.69	1.97419	7858.4	2.21736	7859.13	1.97708
1512479755856	26	7859.11	1.45297	7858.68	2.07605	7859.08	1.44115	7858.52	2.04369	7858.98	2.11265
1512479756882	25.99	7857.89	1.45297	7857.12	2.08806	7857.69	1.37747	7857	1.91485	7857.38	1.90617
1512479757954	25.99	7856.22	2.27913	7856.4	2.25462	7856.15	2.0755	7856.04	2.20756	7856.27	1.8371
1512479758980	25.99	7853.78	2.3863	7853.76	2.55408	7853.92	2.62874	7853.48	2.63186	7853.94	1.99642
1512479760073	25.99	7851.22	2.22361	7850.88	2.57099	7851.15	2.54448	7850.8	2.44949	7851.2	2.16881
1512479761218	25.99	7850.11	2.08833	7849.72	2.13151	7850	2.16025	7849.52	2.14321	7850.09	1.94388
1512479762263	25.99	7849.22	2.33333	7849.08	2.11975	7849.23	2.04751	7848.76	2.20378	7849.34	2.0354
1512479763273	25.98	7847.11	1.36423	7846.64	2.19621	7847.23	1.64083	7846.36	2.07926	7847.03	2.28773
1512479764285	25.96	7846.11	1.2693	7845.92	1.97737	7846.23	1.48064	7845.6	2	7846.07	2.01055
1512479765300	25.97	7844.11	2.26078	7843.52	2.66333	7844	2	7843.24	2.60256	7843.76	2.033
1512479766340	25.97	7842.67	1.58114	7841.96	2.541	7842.62	1.38675	7841.76	2.48797	7842.37	2.13464

1512479767375	25.96	7838.78	1.20185	7838.84	2.01412	7838.85	1.46322	7838.36	1.84572	7839.81	2.14729
1512479769011	26.06	7828	1.32288	7827.04	1.74356	7827.69	1.49358	7826.76	2.02649	7826.06	2.31658
1512479770031	26.06	7819.44	2.00693	7819.84	1.92959	7819.62	1.85016	7819.6	1.93649	7819.56	2.03542
1512479771111	26.05	7819.89	1.83333	7819.32	1.95192	7819.69	1.97419	7819.28	1.79165	7819.03	2.02049
1512479772137	26.04	7822.89	2.26078	7822.56	1.85023	7822.92	2.01914	7822.56	1.85023	7823.3	2.23393
1512479773228	26.04	7828.44	1.74005	7827.88	1.48099	7828.15	1.62512	7827.76	1.66533	7827.77	2.08912
1512479774252	26.04	7829.78	2.43812	7829.64	1.97653	7829.62	2.06311	7829.24	1.92094	7830.2	2.25291
1512479775344	26.03	7834.78	3.07318	7834.92	2.48193	7834.54	2.56955	7834.68	2.51197	7834.75	2.30947
1512479776365	26.03	7835.33	1.80278	7835.28	1.6207	7835.08	1.65638	7834.92	1.52534	7835.41	2.05226
1512479777395	26.03	7839.11	1.69148	7838.16	1.67531	7838.31	1.88788	7837.92	1.63095	7838.26	2.19972
1512479778467	26.03	7840.11	2.36878	7840.4	2.32737	7840.08	2.21591	7840.28	2.28254	7840.91	2.23549
1512479779491	26.03	7841.67	1.80278	7840.88	1.50886	7841.46	1.61325	7840.92	1.82392	7840.78	2.19305
1512479780501	26.03	7841.44	1.66667	7840.36	1.65529	7840.85	1.67562	7840.4	1.80278	7840.72	2.13709
1512479781597	26.03	7840.78	1.7873	7840.72	1.86011	7840.69	1.75046	7840.32	1.8868	7841.04	2.01911
1512479782671	26.02	7840.56	1.87824	7840.64	1.89033	7840.77	1.73944	7840.2	1.75594	7840.65	1.93883
1512479783777	26.03	7839.33	1.65831	7839.4	1.77951	7839.15	1.67562	7839.12	1.83303	7840.36	2.12663
1512479784802	26.02	7840.67	2.23607	7839.72	1.81475	7840.31	1.93152	7839.68	1.8421	7840.07	1.99495
1512479785840	26.02	7839.44	1.81046	7838.76	1.73877	7839.15	1.67562	7838.76	1.80924	7839.21	1.9361
1512479786854	26.03	7837.89	1.90029	7837.04	1.7195	7837.46	1.8081	7836.88	2.02731	7836.99	2.12009
1512479787864	26.02	7835	1.58114	7834.72	1.6207	7834.77	1.36344	7834.6	1.68325	7834.55	2.01515
1512479789013	26.02	7833	2.17945	7832.84	1.88591	7832.92	1.84669	7832.84	1.99332	7832.77	1.89842
1512479790029	26	7831.44	2.12786	7831.76	1.66533	7831.38	1.85016	7831.48	1.75879	7832.48	2.17967
1512479791055	26	7831	1.87083	7830.84	1.65025	7830.85	1.57301	7830.76	1.53514	7831.43	1.84744
1512479792088	25.98	7830.67	2.5	7830.36	2.11896	7830.38	2.2188	7830.24	2.1848	7830.64	2.04712
1512479793227	25.98	7828.78	2.33333	7828.72	2.0108	7828.69	1.97419	7828.56	2.18098	7829.31	2.2654
1512479794257	25.97	7828.33	3.04138	7828.24	2.14631	7828.23	2.5217	7827.92	2.19697	7828.83	2.10079
1512479795271	25.97	7826.67	2.73861	7826.64	2.30723	7826.46	2.3315	7826.48	2.20076	7826.87	2.11209
1512479796313	25.96	7824.56	2.74368	7824.16	2.05508	7824.38	2.29269	7824.36	2.15793	7825.57	2.61337
1512479797349	25.95	7825.56	3.87657	7825.2	2.79881	7825.08	3.3282	7824.72	2.76164	7824.88	2.05778
1512479798374	25.94	7822.67	2.87228	7822.52	2.34734	7822.31	2.42846	7821.92	2.43105	7821.86	2.23516

1512479799409	25.94	7822	3	7821.76	2.36784	7821.46	2.63361	7821.44	2.48462	7820.93	2.06927
1512479800995	26.03	7836.44	2.18581	7837.08	2.1587	7837	2.58199	7837.08	2.17792	7836.33	2.35714
1512479802058	26.04	7831.11	2.08833	7831.16	1.92959	7831.23	2.16617	7831.04	2.00998	7830.18	2.06994
1512479803081	26.03	7832.44	2.69774	7832.24	2.10713	7832.62	2.36426	7832.32	2.15484	7831.88	2.13724
1512479804160	26	7835.56	2.06828	7835.88	1.66633	7835.77	2.0064	7835.8	1.75594	7835.28	2.45681
1512479805270	25.99	7841	1.93649	7841.16	1.97231	7841.23	1.73944	7841.4	1.84842	7839.61	2.25215
1512479806325	25.99	7844.22	1.56347	7844.12	1.83303	7844.38	1.66024	7844.24	1.83212	7843.05	2.01373
1512479807367	25.99	7848.56	2.78887	7849.08	2.25315	7848.69	2.6263	7849	2.23607	7849.28	2.63282
1512479808377	25.99	7849.56	1.74005	7849.8	1.60728	7849.62	1.60927	7849.72	1.74452	7849.38	1.758
1512479809403	25.99	7853.56	1.23603	7853.36	1.62993	7853.77	1.5359	7853.48	1.73494	7852.65	2.121
1512479810443	25.98	7854.44	1.74005	7854.4	1.35401	7854.46	1.5064	7854.24	1.53514	7853.77	1.70473
1512479811471	25.99	7854.89	1.36423	7855.68	1.46401	7855.08	1.32045	7855.52	1.5308	7855.28	1.84183
1512479812496	25.98	7856.44	1.66667	7856.44	1.38684	7856.62	1.66024	7856.36	1.41067	7856.04	2.01255
1512479813517	25.98	7857.67	1.65831	7858.48	1.66132	7858.08	1.65638	7858.44	1.80462	7857.84	1.9085
1512479814532	25.98	7858.67	1.87083	7859.08	1.73013	7858.92	1.70595	7859.28	1.74452	7858.49	1.86835
1512479815556	25.97	7857.56	1.33333	7857.8	1.29099	7857.85	1.28103	7858	1.25831	7857.6	1.82329
1512479816584	25.98	7857.78	1.39443	7858.4	1.5	7858	1.22474	7858.12	1.56312	7857.61	1.91495
1512479817635	25.97	7857.78	1.20185	7858.12	1.73973	7858.15	1.40512	7858.28	1.69607	7857.6	1.97152
1512479818650	25.97	7856.78	1.39443	7857.12	1.53623	7856.92	1.18754	7857.08	1.46969	7856.64	1.94499
1512479819661	25.97	7855.89	1.53659	7856.08	1.35154	7855.92	1.32045	7856.04	1.54056	7855.72	1.89144
1512479820685	25.96	7855.22	1.71594	7855.4	1.41421	7855	1.58114	7855.36	1.41067	7855.22	1.78952
1512479821721	25.95	7854.33	1.58114	7854.68	1.65126	7854.38	1.44559	7854.72	1.69607	7854.31	1.82766
1512479822802	25.94	7854	1.22474	7853.68	1.31403	7853.69	1.18213	7853.72	1.33915	7853.7	1.99814
1512479823891	25.94	7853.89	2.52212	7854.04	1.74356	7853.69	2.13638	7853.96	2.00998	7853.94	1.87968
1512479824966	25.94	7854	2.39792	7853.52	1.85113	7853.62	2.06311	7853.44	1.91659	7853.35	1.97911
1512479825990	25.92	7853.44	2.06828	7853	1.97906	7853	2	7853.04	1.85921	7852.31	2.16622
1512479827144	25.91	7851.67	2.34521	7851.72	1.94765	7851.46	2.50384	7851.44	2.12289	7851.54	1.91752
1512479828222	25.91	7849.56	2.74368	7849.48	2.16256	7849.08	2.49872	7849.44	2.2	7849.36	1.84364
1512479829248	25.9	7849.67	1.80278	7849.56	1.66032	7849.46	1.76141	7849.68	1.51987	7849.91	1.88677
1512479830274	25.91	7848.89	2.02759	7848.32	1.62583	7848.38	1.98068	7848.36	1.57797	7848.1	1.81878

1512479831413	25.9	7847.56	2.00693	7847.56	1.70978	7847.23	2.08782	7847.48	1.66132	7846.93	1.9698
1512479833033	25.98	7832.56	2.60342	7832.44	2.08327	7832.77	2.38586	7832.64	2.11896	7832.59	2.08272
1512479834074	25.99	7826.89	2.08833	7827.4	1.84842	7827.46	1.98391	7827.4	1.93649	7827.11	1.88015
1512479835091	25.98	7832.33	2.06155	7831.88	2.48864	7832.54	2.53691	7832	2.58199	7830.92	2.34058
1512479836118	25.96	7835	2	7834.96	1.69509	7835.23	1.69085	7834.92	1.91311	7835.59	2.16586
1512479837142	25.96	7839.22	1.98606	7838.52	1.78232	7839.08	1.70595	7838.44	1.95959	7837.94	1.77842
1512479838168	25.96	7844.67	2.5	7844.04	2.13073	7844.54	2.06621	7843.96	2.18861	7843.36	2.06954
1512479839178	25.96	7848.33	1.22474	7848.32	1.34536	7848.15	1.14354	7847.8	2	7847.17	1.9158
1512479840235	25.96	7853.22	1.64148	7853.12	1.42361	7853.15	1.40512	7852.52	1.75879	7851.97	1.99331
1512479841338	25.96	7853.89	1.96497	7853.48	1.66132	7853.92	1.801	7853.24	2.0672	7852.88	2.0339
1512479842383	25.96	7854.11	2.02759	7854	1.65831	7854.08	1.801	7853.96	1.92527	7853.84	2.01212
1512479843387	25.97	7855.67	1.32288	7855.16	1.28062	7855.46	1.45002	7855.24	1.5885	7855.59	1.98781
1512479844459	25.97	7857.11	1.2693	7857.16	1.43411	7856.85	1.40512	7856.96	1.59374	7857.73	1.97437
1512479845528	25.96	7858.78	1.39443	7858.44	1.68523	7858.69	1.4367	7858.48	1.66132	7858.12	1.73544
1512479846619	25.97	7857.78	1.64148	7857.36	1.75309	7857.92	1.60528	7857.48	2.16256	7857.87	2.13327
1512479847645	25.96	7857.56	2.35112	7858.68	2.41039	7858	2.23607	7858.44	2.2561	7859.49	2.19402
1512479848736	25.98	7857.11	1.36423	7857.16	1.67531	7857.15	1.40512	7857.36	1.70489	7857.32	2.00271
1512479849809	25.96	7856	1	7855.52	1.47535	7855.77	1.16575	7855.84	1.57268	7855.59	1.76284
1512479850875	25.94	7859	2.44949	7858.04	2.07123	7858.54	2.22169	7858.2	2	7856.89	2.16833
1512479851911	25.94	7856.78	2.3863	7856.8	1.70783	7856.69	2.01596	7856.8	1.80278	7857.4	2.15358
1512479852961	25.93	7857.89	1.96497	7857.96	1.94679	7857.54	1.76141	7857.88	1.94336	7857.91	1.85169
1512479853991	25.93	7858	2.12132	7858.52	2.10396	7858.08	2.39658	7858.48	2.21961	7857.65	1.91994
1512479855003	25.93	7856.56	2.12786	7856.28	1.86011	7856.38	1.98068	7856.52	1.75879	7856.29	1.83108
1512479856039	25.92	7855.89	2.36878	7855.8	1.93649	7855.69	1.97419	7855.88	1.76352	7855.6	1.91523
1512479857055	25.92	7855.33	2.23607	7855.12	1.9	7855.08	1.97744	7855.2	1.89297	7854.95	1.95986
1512479858083	25.91	7853.33	1.73205	7853.48	1.5308	7853.54	1.61325	7853.52	1.44684	7853.3	1.78327
1512479859121	25.9	7852.56	1.23603	7852.6	1.41421	7852.85	1.14354	7852.72	1.33915	7853.89	2.36895
1512479860240	25.9	7852.56	1.23603	7852.6	1.41421	7852.85	1.14354	7852.72	1.33915	7853.89	2.36895
1512479861244	25.88	7852.56	1.23603	7852.6	1.41421	7852.85	1.14354	7852.72	1.33915	7853.89	2.36895
1512479865521	25.68	7828.33	3.04138	7827.12	2.63502	7828	2.94392	7827.52	2.77068	7827.53	2.49377

1512479866611	25.72	7813	1.87083	7812.56	1.73397	7812.77	1.69085	7812.36	1.8	7813.87	1.94154
1512479868126	25.84	7813	1.87083	7812.56	1.73397	7812.77	1.69085	7812.36	1.8	7813.87	1.94154
1512479869167	25.86	7818.78	1.48137	7819.24	1.87705	7818.54	1.5064	7818.92	1.86905	7819.31	2.12543
1512479870306	25.86	7821.89	2.42097	7821.84	2.42693	7821.46	2.29548	7821.64	2.27083	7821.24	2.36682
1512479871332	25.86	7830.22	1.48137	7829.84	2.2487	7829.85	2.23033	7829.6	2.06155	7829.17	2.25388
1512479872406	25.89	7837.56	1.66667	7838.72	2.54165	7838.08	1.65638	7838.16	2.37487	7837.89	2.49658
1512479873414	25.9	7842.78	1.48137	7842.8	1.65831	7842.62	1.38675	7842.48	1.63605	7841.64	2.00563
1512479874418	25.91	7847.44	1.74005	7846.2	2	7846.62	1.98068	7846.08	2.19697	7846.12	2.04508
1512479875444	25.93	7854.11	2.02759	7852.36	2.17715	7853.46	2.10616	7852.24	2.20378	7851.68	2.08677
1512479876529	25.94	7852	2.23607	7851.48	1.71075	7851.77	1.92154	7851.16	1.90788	7851.08	1.71062
1512479877584	25.94	7855	2.17945	7854.96	2.05102	7854.62	2.18092	7854.64	2.05913	7855.94	2.04936
1512479878610	25.94	7857.67	2.34521	7857.96	2.20756	7857.23	2.24179	7857.36	2.36079	7857.96	1.98388
1512479879697	25.97	7859.22	1.64148	7858.96	1.81384	7858.85	1.62512	7858.72	1.92614	7859.22	1.84117
1512479880844	25.97	7860.78	1.92209	7859.88	2.20454	7860.46	1.89804	7859.72	2.11187	7859.5	2.04411
1512479881931	25.98	7860.22	2.86259	7859.72	2.37206	7859.85	2.70327	7859.32	2.37557	7859.64	2.20597
1512479882957	25.98	7857.11	2.14735	7857.16	2.09523	7856.85	1.99358	7856.6	2.04124	7857.32	1.98919
1512479883983	25.98	7857.22	1.92209	7856.76	2.20378	7857.15	1.77229	7856.72	2.11187	7856.88	1.95557
1512479885115	25.99	7857.44	2.18581	7857.48	2.2383	7857.46	1.8081	7857.24	2.10713	7857.17	2.15142
1512479886131	25.97	7855.22	2.53859	7854.92	2.32594	7855	2.16025	7854.48	2.29347	7855.26	2.19555
1512479887157	25.98	7853.56	2.35112	7853.52	2.18174	7853.54	2.02548	7852.96	2.3	7854	2.10159
1512479888372	25.98	7851.89	2.02759	7851.84	2.01412	7851.85	2.0755	7851.44	2.08327	7852.82	2.22047
1512479889453	25.98	7849.89	2.80377	7849.84	2.54427	7849.69	2.6263	7849.48	2.58392	7850.48	2.23861
1512479890462	25.98	7848.56	2.29734	7848.32	2.17409	7848.23	2.27866	7847.96	2.28181	7848.82	2.28064
1512479891513	25.97	7848.11	2.75882	7847.76	2.33238	7848	2.41523	7847.68	2.34023	7847.67	2.17279
1512479892530	25.98	7846.78	2.72845	7846.56	2.58328	7846.77	2.48843	7846.36	2.70617	7846.33	2.17039
1512479893555	25.96	7844.11	2.42097	7844.88	1.87794	7844.38	2.29269	7844.48	2.12368	7844.9	2.05133
1512479894591	25.96	7843.33	2.12132	7844.08	2.32594	7843.69	1.88788	7843.72	2.42418	7844.07	2.25576
1512479895633	25.95	7844.33	3.1225	7844.4	2.61406	7844.31	2.81024	7843.96	2.71539	7844.12	2.25349
1512479896642	25.94	7840.78	2.94863	7841.08	2.51529	7840.54	2.69615	7840.72	2.85073	7841.92	2.47769
1512479897837	25.95	7840	2.69258	7840.24	2.42006	7840	2.38048	7839.88	2.61916	7839.83	2.27153

1512479898906	25.93	7838.56	2.651	7838.48	2.34734	7838.46	2.43637	7838.32	2.57747	7838.39	2.14798
1512479900491	26.04	7838.56	2.651	7838.44	2.34663	7838.38	2.43374	7838.28	2.57423	7838.27	2.14086
1512479901578	26.03	7816.33	1.65831	7817.04	1.85921	7817	1.77951	7816.84	1.90788	7816.73	1.96849
1512479902604	26.02	7821.44	1.50923	7820.88	1.78699	7821.15	1.67562	7820.44	2.21886	7819.67	2.52945
1512479903628	26.02	7820.44	1.13039	7821	1.52753	7820.69	1.1094	7821	1.82574	7821.26	2.14457
1512479904658	26.02	7824.44	1.23603	7824.28	1.36991	7824.38	1.19293	7824.44	1.32539	7825	2.0233
1512479905749	26	7828.22	1.7873	7828.88	1.9218	7828.62	1.66024	7828.88	2.04776	7829.6	2.14631
1512479906759	26	7829	2.12132	7830.84	2.57682	7829.54	1.98391	7830.6	2.61406	7832.04	2.42992
1512479907795	26	7833.22	2.04803	7834.24	2.36784	7833.62	2.18092	7834.12	2.48864	7835.21	2.29843
1512479908834	25.99	7836.33	2.12132	7836.96	2.40624	7836.46	2.06621	7836.68	2.47857	7837.97	2.17444
1512479909852	26	7837.89	2.57121	7838.72	2.20832	7838	2.16025	7838.52	2.12368	7838.88	2.07447
1512479910878	26	7839.33	2.39792	7839.68	1.90875	7839.23	2.12736	7839.56	2.00167	7839.54	2.00244
1512479911953	25.99	7840.44	1.33333	7840.92	1.95619	7840.38	1.55662	7840.92	1.97737	7840.91	1.91961
1512479913043	26	7841.56	1.424	7842.44	1.55671	7842	1.73205	7842.24	1.56205	7841.52	2.04148
1512479914069	26	7839.11	1.16667	7840.24	1.76257	7839.69	1.70219	7840.04	1.69509	7840.22	1.81266
1512479915194	25.99	7838.67	2	7839.56	1.93821	7839.08	1.89128	7839.36	1.93391	7839.9	1.99103
1512479916234	26	7838.33	2.06155	7839.04	2.13073	7838.69	1.97419	7838.84	2.2301	7839.31	2.02711
1512479917308	25.99	7838	1.32288	7838.8	1.77951	7838.62	1.60927	7838.8	1.95789	7839.15	2.1945
1512479918399	25.98	7837.44	1.5899	7837.76	2.04695	7837.69	1.60128	7837.56	2.12289	7838.13	1.84065
1512479919425	25.97	7839.67	1.22474	7839.16	1.51877	7839.77	1.16575	7839.12	1.58955	7838.3	1.71478
1512479920460	25.97	7837.33	2.39792	7837.48	1.85113	7837.62	2.14237	7837.28	1.86011	7837.47	1.80002
1512479921476	25.97	7834.56	2.55495	7835.44	2.00167	7835.15	2.30384	7835	1.95789	7835.44	1.90881
1512479922502	25.96	7833	1.80278	7834.12	2.00666	7833.85	2.19265	7834.04	1.90351	7834.46	2.08401
1512479923527	25.97	7832.78	1.71594	7833.36	1.75309	7833.31	1.88788	7833.36	1.68028	7833.66	1.79326
1512479924537	25.96	7830.11	1.53659	7830.92	1.91311	7830.62	1.75777	7830.92	1.91311	7831.04	1.92671
1512479925563	25.94	7829.33	1.32288	7830.04	1.98914	7829.62	1.66024	7829.96	2.00998	7830.74	1.9379
1512479926588	25.93	7828.11	1.76383	7828.84	2.26716	7828.38	2.32875	7828.68	2.39305	7829.43	1.88926
1512479927646	25.93	7828.11	1.69148	7828.24	1.89912	7828.08	1.75412	7828.08	1.99833	7828.02	1.93777
1512479928777	25.92	7828.78	1.30171	7828.64	1.75309	7828.92	1.49786	7828.6	1.58114	7828.53	1.61702
1512479929807	25.93	7825.33	1.22474	7825.88	2.10792	7825.77	1.92154	7825.52	1.91746	7826.14	1.74288

1512479930930	25.92	7825.11	1.53659	7825.36	2.07926	7825.46	1.89804	7825.16	2.0347	7825.05	1.84642
1512479932578	26.02	7827.78	1.98606	7828.48	2.25684	7828.23	2.24179	7828.32	2.23084	7828.76	2.49065
1512479933670	26.03	7822.22	1.09291	7823.2	1.70783	7822.46	1.19829	7822.88	1.53623	7823.27	1.81428
1512479934721	26	7824	0.866025	7824.32	1.14455	7824.31	1.37747	7824.4	1.32288	7825.24	1.78179
1512479935732	25.98	7831.78	1.92209	7832.28	1.90438	7832.15	2.23033	7832.24	1.85472	7832.55	2.05101
1512479936757	25.98	7834.22	1.20185	7835.12	1.71561	7834.77	1.83275	7834.6	1.75594	7835.21	1.87321
1512479937773	25.97	7838.78	1.30171	7838.76	1.61452	7839	1.63299	7838.88	1.45258	7839.3	1.96607
1512479938798	25.97	7841.33	1.32288	7841.8	1.25831	7841.69	1.31559	7841.76	1.47986	7842.88	1.92876
1512479939824	25.97	7845.33	2	7844.56	1.87261	7845.31	1.93152	7844.76	1.98494	7846.05	2.22975
1512479940850	25.98	7846	1.87083	7845.2	1.93649	7846.08	1.75412	7845.24	1.83212	7846.22	1.9933
1512479941859	25.97	7847.56	2.12786	7847.04	2.52455	7847.77	2.7735	7847.36	2.27083	7848.32	2.19146
1512479942911	25.97	7847.44	1.50923	7847.96	1.61967	7847.69	1.54837	7847.72	1.51438	7849.17	2.0599
1512479943926	25.98	7850	1.93649	7850.4	2.10159	7850.15	1.99358	7850.52	2.04369	7851.44	2.13791
1512479944965	25.97	7848.89	1.05409	7849.6	1.60728	7849.38	1.75777	7849.64	1.68028	7850.66	1.88114
1512479945978	25.97	7849	1	7849.52	1.1225	7849.46	1.1266	7849.6	1.35401	7850.48	1.91511
1512479947003	25.97	7849.44	1.50923	7849.64	1.43991	7849.54	1.33012	7849.6	1.63299	7850.42	1.94589
1512479948077	25.96	7851.78	1.39443	7851	1.75594	7851.15	1.72463	7851.04	1.67033	7851.18	2.06913
1512479949153	25.96	7851.44	1.94365	7850.76	1.80924	7850.85	1.95133	7850.84	1.7	7851.7	2.09236
1512479950179	25.96	7850.33	1.65831	7850.4	1.1547	7850.23	1.42325	7850.4	1.77951	7850.83	2.00956
1512479951204	25.96	7849.33	2.12132	7849.24	1.76257	7849	2.08167	7849.04	1.7673	7849.97	2.07893
1512479952230	25.94	7848.89	2.75882	7848.68	2.35797	7848.85	2.44425	7848.92	2.27156	7849.27	2.26895
1512479953265	25.93	7846.89	1.90029	7847.6	1.77951	7847.23	1.7867	7847.64	1.91224	7848.42	1.91622
1512479954282	25.94	7848.78	1.7873	7848.8	1.84842	7849	1.77951	7849.04	1.88149	7849.04	2.0203
1512479955319	25.94	7846.33	0.866025	7846.52	0.770281	7846.54	0.877058	7846.68	1.37598	7847.23	1.87912
1512479956445	25.93	7846.11	1.16667	7845.84	1.1431	7846.15	1.28103	7845.8	1.44338	7845.77	1.82855
1512479957488	25.93	7843	1.41421	7843.48	1.44684	7843.15	1.3445	7843.36	1.65529	7843.91	1.90165
1512479958514	25.91	7842.22	0.833333	7842.6	1.08012	7842.62	1.1209	7842.52	1.35769	7843.03	1.8169
1512479959523	25.9	7842.33	1.65831	7842.04	1.42829	7842.54	1.45002	7842.16	1.81842	7842.99	1.9053
1512479960549	25.9	7841.11	1.45297	7841.12	1.64114	7841.77	1.64083	7841.36	1.8	7841.44	1.87561
1512479961575	25.9	7840.22	1.48137	7840.28	1.59478	7840.69	1.54837	7840.4	1.97906	7840.42	2.02717

1512479962610	25.9	7838	1.11803	7837.84	1.57268	7837.92	1.44115	7837.68	1.74929	7838.67	2.00836
1512479964220	25.99	7833.11	1.96497	7832.56	2.32881	7833.23	1.87767	7832.8	1.97906	7832.34	2.35309
1512479965335	25.99	7828	2.23607	7827.88	2.3331	7828.08	2.2532	7827.8	2.12132	7828.49	2.11177
1512479966361	25.99	7829.33	1.73205	7829.36	1.55134	7829.31	1.49358	7829.08	1.63095	7829.06	1.86856
1512479967387	25.97	7833	2.06155	7832.88	2.04776	7833	1.91485	7832.64	2.2891	7833.72	2.39936
1512479968412	25.97	7836.22	1.56347	7836.68	2.26789	7836.46	1.71345	7836.52	2.7556	7837.07	2.31951
1512479969454	25.96	7841.11	1.61589	7841.6	2.14087	7841.15	2.03495	7841.24	2.24128	7842.07	2.38592
1512479970480	25.96	7846.67	2	7846.68	2.07605	7846.77	2.20431	7846.24	2.40278	7846.44	2.26565
1512479971505	25.95	7849.78	1.30171	7849.52	1.5843	7849.54	1.6641	7849.12	2.18556	7849.26	2.35081
1512479972527	25.95	7851.67	0.866025	7851.48	1.47535	7851.62	1.19293	7850.92	1.77764	7851.21	2.14781
1512479973566	25.96	7855.33	1.87083	7854.48	1.8735	7854.62	2.18092	7854	1.89297	7853.5	2.04411
1512479974592	25.95	7856.44	1.424	7856.24	1.47986	7856.23	1.42325	7856	1.5	7855.83	1.9826
1512479975626	25.95	7857.44	1.81046	7857.52	1.66132	7857.38	1.60927	7857.24	1.94251	7856.84	2.16989
1512479976677	25.95	7859.78	1.39443	7858.84	1.51877	7859.31	1.75046	7858.72	1.76824	7857.94	2.04681
1512479977707	25.96	7857.78	2.04803	7857.88	1.85562	7857.69	1.88788	7857.48	1.89561	7857.52	2.01058
1512479978791	25.95	7857	1.58114	7856.92	1.73013	7856.92	1.5525	7856.64	1.68028	7857.61	2.30924
1512479979940	25.95	7856.33	1.65831	7856.24	1.66533	7856.15	1.46322	7855.96	1.74356	7856.87	2.14058
1512479980948	25.94	7857.67	1.93649	7856.88	1.9	7857.23	1.7867	7856.72	2.22711	7857.48	2.19866
1512479982000	25.95	7859.56	1.94365	7858.44	1.98074	7858.85	2.23033	7858.08	2.21585	7857.26	2.00136
1512479983024	25.92	7856.67	1.22474	7856.84	1.88591	7856.77	1.58923	7856.48	2.25684	7856.72	2.14005
1512479984025	25.92	7857.11	0.927961	7857.12	1.78699	7856.85	1.3445	7856.84	1.8412	7857	1.99217
1512479985156	25.91	7855.56	1.33333	7855.8	1.93649	7855.31	1.25064	7855.44	1.80462	7856.46	2.03085
1512479986219	25.91	7855.56	1.66667	7855.44	1.87261	7855.38	1.66024	7855.04	1.69509	7855.7	2.01578
1512479987246	25.9	7854.11	1.36423	7853.36	1.60416	7853.77	1.48064	7853.28	1.59478	7853.7	1.891
1512479988367	25.9	7854	1.5	7853.16	1.79536	7853.69	1.60128	7853	1.89297	7853.49	1.92603
1512479989408	25.89	7853.33	1.58114	7853.32	1.93046	7853.54	1.8081	7853.44	2.12289	7853.67	2.25282
1512479990409	25.89	7854.67	1.5	7853.88	1.73973	7854.23	1.73944	7853.92	1.68127	7853.48	1.91783
1512479991433	25.88	7853.56	1.424	7853.12	1.87794	7853	1.82574	7852.72	1.88237	7852.28	2.04803
1512479992458	25.88	7851.11	1.69148	7850.8	2.41523	7850.77	2.08782	7850.48	2.14321	7850.75	2.13608
1512479993600	25.86	7849.44	1.87824	7849.68	1.77294	7849.38	1.80455	7849.12	1.98578	7848.94	2.04029

1512479994643	25.85	7846.67	1.65831	7847.12	1.81016	7846.62	1.89466	7846.56	2.10317	7847.6	2.19407
1512479996219	25.96	7846.67	1.65831	7847.12	1.81016	7846.62	1.89466	7846.56	2.10317	7847.6	2.19407
1512479997261	25.96	7825	2.64575	7823.92	1.91311	7824.69	2.28709	7823.84	2.01412	7823.81	2.09153
1512479998295	25.94	7825.78	2.10819	7825.6	2.19848	7825.31	2.01596	7825.36	2.17715	7826.03	2.2405
1512479999342	25.92	7830	1.93649	7829.76	2.02649	7830.08	1.70595	7829.84	2.09523	7830.04	2.224
1512480000368	25.93	7835.67	2.12132	7835.6	2.29129	7835.77	1.87767	7835.44	2.2561	7836.45	2.42564
1512480001373	25.92	7841.11	2.52212	7840	2.53311	7840.77	2.24179	7840.28	2.38956	7839.78	2.24868
1512480002388	25.92	7844.78	2.58736	7843.6	2.25462	7844.38	2.39925	7843.96	2.20756	7843.18	2.48538
1512480003461	25.92	7844.33	1.11803	7844.32	1.6	7844.31	1.1094	7844.4	1.55456	7844.7	2.16286
1512480004554	25.92	7850.33	1.22474	7850.04	1.79072	7850	1.29099	7849.84	1.88591	7850.13	2.30996
1512480005747	25.93	7850.67	0.866025	7850.08	1.44106	7850	1.29099	7849.84	1.31276	7850.82	2.01124
1512480006834	25.93	7852	1.80278	7851.52	1.47535	7851.62	1.75777	7851.4	1.52753	7851.8	1.77147
1512480007859	25.93	7851.78	2.04803	7851.4	1.65831	7851.38	1.98068	7851.04	1.85921	7852.03	1.93497
1512480008862	25.93	7853.11	2.66667	7852.96	1.94679	7852.85	2.23033	7852.6	2.12132	7852.76	1.9942
1512480009894	25.92	7853.11	1.90029	7853.24	1.64012	7853.15	1.67562	7852.84	1.92959	7853.14	2.03001
1512480010920	25.92	7852.78	1.71594	7852.8	1.68325	7852.38	1.75777	7852.32	1.8868	7852.89	2.12315
1512480011945	25.92	7852.22	1.85592	7852.16	1.8412	7851.77	1.73944	7851.76	2.0672	7852.08	2.13092
1512480012987	25.92	7851.89	1.2693	7851	1.84842	7851.15	1.81871	7850.8	1.87083	7851.3	2.02146
1512480014062	25.91	7850.56	1.50923	7850.08	1.75404	7850.23	1.58923	7849.88	1.73973	7850.65	2.11399
1512480015087	25.92	7849.44	2.4037	7849.36	1.72916	7849.31	2.13638	7849.24	1.66533	7849.96	2.06113
1512480016164	25.91	7849.44	1.66667	7849.08	1.41185	7849	1.58114	7848.88	1.50886	7849.27	1.99537
1512480017181	25.9	7848.22	1.30171	7848.08	1.44106	7847.92	1.25576	7847.84	1.54596	7848.5	2.15572
1512480018270	25.9	7848.33	1.32288	7847.76	1.3626	7847.85	1.46322	7847.72	1.17331	7847.78	1.87481
1512480019271	25.91	7847.22	1.71594	7846.48	1.55778	7846.77	1.69085	7846.28	1.74452	7845.91	2.02886
1512480020379	25.89	7844.11	1.69148	7844.32	1.65126	7844.15	1.57301	7844	1.84842	7845.06	2.07712
1512480021486	25.88	7843.67	1.41421	7843.76	1.33167	7843.46	1.26592	7843.72	1.33915	7843.83	2.12299
1512480022602	25.88	7845.78	2.22361	7845.24	1.76257	7845.54	2.02548	7845.16	1.8412	7844.53	2.13368
1512480023617	25.88	7843.67	2.17945	7843.48	1.66132	7843.54	1.8081	7843.04	1.90351	7843.07	1.94739
1512480024623	25.89	7843.44	2.96273	7843.04	2.09125	7843	2.61406	7842.68	2.26789	7842.59	1.98541
1512480025637	25.86	7842.78	2.43812	7842.6	2.23607	7842.54	2.50384	7842.32	2.44472	7841.93	2.06171

1512480026748	25.85	7840.67	1.93649	7840.24	1.61452	7840.46	1.8081	7840.12	1.76352	7840.28	1.82701
1512480028367	25.95	7840.67	1.93649	7840.24	1.61452	7840.46	1.8081	7840.12	1.76352	7840.28	1.82701
1512480029382	25.95	7827.22	1.20185	7826.92	1.35154	7826.85	1.51911	7826.84	1.46287	7827.15	2.06904
1512480030434	25.95	7829.11	1.36423	7829.04	2.11108	7829.23	1.73944	7829.24	2.0672	7828.79	2.02625
1512480031449	25.95	7832.11	1.45297	7832.08	2.3615	7832	1.87083	7831.88	2.47184	7831.52	2.03381
1512480032504	25.94	7838.89	1.45297	7838	1.70783	7838.38	1.66024	7837.76	1.89912	7837.59	1.84936
1512480033520	25.93	7840.56	1.33333	7840.64	1.31909	7840.62	1.44559	7840.44	1.44568	7841.07	2.26728
1512480034538	25.93	7842.67	2.06155	7843.28	2.0108	7843	2.08167	7843.12	1.85562	7843.8	2.17289
1512480035599	25.94	7847.78	1.71594	7847.8	1.80278	7847.92	1.5525	7847.72	1.59478	7847.87	1.71467
1512480036609	25.93	7850.78	1.71594	7850.52	1.91746	7850.31	1.84321	7850.28	2.17025	7850.37	2.21164
1512480037651	25.93	7855	2.44949	7854.56	2.2	7854.77	2.31495	7854.52	2.43447	7854.89	1.88676
1512480038661	25.93	7855.56	1.33333	7854.68	1.51987	7855.15	1.28103	7854.8	1.47196	7854.61	1.84005
1512480039684	25.94	7855.67	2.06155	7855.6	1.63299	7855.77	1.83275	7855.68	1.7253	7855.11	1.95618
1512480040730	25.94	7857.33	2.06155	7856.76	1.92094	7857.23	2.0064	7856.8	1.82574	7855.86	1.90014
1512480041803	25.93	7857.67	1.65831	7857.76	1.45144	7857.92	1.5525	7857.84	1.51877	7857.45	2.04083
1512480042892	25.93	7858.89	1.61589	7858.72	1.42945	7858.62	1.55662	7858.44	1.47422	7858.91	1.90984
1512480043985	25.93	7856.44	1.33333	7856.52	1.26227	7856.38	1.3253	7856.4	1.32288	7856.69	1.95169
1512480045011	25.93	7855.89	1.16667	7856.04	1.2741	7855.85	0.987096	7855.68	1.28193	7856.24	1.93589
1512480046082	25.93	7856.33	1.32288	7856.16	1.17898	7856.23	1.16575	7855.84	1.28062	7855.79	1.84519
1512480047176	25.93	7855.33	1.80278	7855.44	1.66032	7855.31	1.79743	7855.44	1.68523	7855.48	1.85712
1512480048202	25.92	7853.44	1.94365	7853.56	1.78139	7853.23	1.73944	7853.32	1.77294	7853.35	1.82537
1512480049284	25.92	7852.78	2.27913	7852.64	1.84572	7852.62	1.93815	7852.52	1.82848	7853.22	1.95637
1512480050351	25.91	7853.89	1.69148	7853.52	1.91746	7853.62	1.7097	7853.36	1.93391	7853.15	1.92832
1512480051378	25.91	7850.78	1.39443	7850.92	1.91311	7850.92	1.801	7850.72	2.07204	7851.63	1.90003
1512480052418	25.91	7851.22	1.39443	7850.8	1.44338	7851.31	1.49358	7850.84	1.49108	7851.16	1.70376
1512480053477	25.9	7849.11	1.2693	7848.92	1.32035	7849	1.29099	7848.68	1.43527	7848.8	1.78407
1512480054516	25.9	7847.89	1.36423	7847.64	1.62993	7847.62	1.7097	7847.64	1.68028	7847.96	1.79651
1512480055549	25.9	7847.78	1.30171	7847.48	1.22882	7847.54	1.26592	7847.52	1.47535	7846.92	1.8267
1512480056575	25.89	7845.67	2	7846.24	1.76257	7845.92	1.801	7846.24	1.89912	7846.23	1.81998
1512480057582	25.88	7844.33	1.58114	7844.72	1.42945	7844.46	1.45002	7844.4	1.32288	7844.61	1.79388

