Timetstamp	FPA	C9	Sigma	C25	Sigma	D13	Sigma	D25	Sigma	R8	Sigma
1512478555960	23.28	7872	1	7871.56	2.06317	7871.85	1.51911	7871.44	1.75784	7870.76	2.4271
1512478557620	23.54	7872	1	7871.56	2.06317	7871.85	1.51911	7871.44	1.75784	7870.76	2.4271
1512478558713	23.62	7880	1.41421	7880.24	2.25979	7880	2.23607	7879.92	1.86905	7879.28	1.96231
1512478559737	23.68	7882.11	1.53659	7881.88	1.76352	7881.77	1.73944	7881.88	1.76352	7881.76	1.99091
1512478560795	23.74	7887	1.80278	7886.88	2.26053	7886.92	1.84669	7886.6	1.91485	7886.45	2.22414
1512478561841	23.82	7887.89	1.76383	7888.08	1.89121	7888.08	1.89128	7888.04	1.90351	7888.37	1.92724
1512478562883	23.88	7891.56	1.424	7892.12	1.66633	7891.77	1.58923	7892.08	1.6052	7892.94	2.31757
1512478563893	23.96	7896.11	2.02759	7896.6	1.91485	7895.77	1.87767	7896.28	1.88237	7897.18	2.27835
1512478564935	24	7897.89	2.52212	7898.52	2.10396	7897.85	2.44425	7898.2	2.06155	7898.38	2.27489
1512478566172	24.09	7899.89	1.45297	7900.56	1.66032	7900.08	1.49786	7900.52	1.50333	7900.63	2.02477
1512478567190	24.14	7900.56	1.424	7900.64	1.70489	7900.54	1.45002	7900.56	1.50222	7900.89	1.96253
1512478568250	24.2	7901.56	1.23603	7902.2	1.41421	7901.77	1.16575	7901.92	1.32035	7901.9	1.9973
1512478569297	24.25	7900.11	1.16667	7900.8	1.55456	7900.31	1.37747	7900.84	1.54596	7902.06	2.05808
1512478570341	24.3	7900.22	1.09291	7901.2	1.58114	7900.85	1.86396	7901.16	1.65025	7902.08	1.79216
1512478571396	24.35	7899.67	1	7900.92	1.82392	7900.15	1.57301	7900.72	1.56844	7901.92	2.02417
1512478572440	24.39	7898.56	1.50923	7899.76	1.73877	7899	1.47196	7899.64	1.62993	7900.86	2.00159
1512478573488	24.44	7898.56	1.5899	7899.28	1.81475	7898.77	1.36344	7899.28	1.76824	7900.37	2.34619
1512478574518	24.47	7899.67	1.41421	7900.4	1.58114	7900.08	1.801	7900.36	1.43991	7900.54	1.89016
1512478575533	24.52	7899.33	1.93649	7900.12	1.94336	7899.85	1.99358	7899.96	1.67033	7900.31	2.1156
1512478576559	24.55	7898.11	1.36423	7899.04	1.96808	7898.69	1.70219	7898.92	1.6052	7899.37	2.08776
1512478577632	24.59	7897.44	1.33333	7898.04	1.42829	7897.62	1.38675	7897.88	1.42361	7898.72	1.90028
1512478578708	24.62	7896.44	1.94365	7897.2	1.68325	7896.77	1.7867	7897.08	1.6563	7897.87	1.88262
1512478579750	24.67	7895.44	1.33333	7896.08	1.68127	7895.54	1.39137	7895.88	1.48099	7896.94	1.97955
1512478580775	24.7	7893.33	1.73205	7894.16	1.79536	7893.54	1.5064	7894.08	1.6052	7894.73	1.98692
1512478581785	24.73	7891.89	1.76383	7892.12	1.50886	7891.92	1.49786	7892.4	1.58114	7892.99	2.05522
1512478582831	24.74	7891.22	1.64148	7891	1.41421	7890.92	1.49786	7891.16	1.43411	7891.64	2.02409
1512478583959	24.79	7889.33	1.11803	7889.72	1.56844	7889.62	1.19293	7889.92	1.70587	7890.35	1.93883
1512478585002	24.81	7888.78	1.48137	7889.16	1.72434	7888.92	1.38212	7889.12	1.42361	7889.66	2.18831
1512478586018	24.82	7887.78	1.20185	7888.2	1.87083	7888	1.1547	7888.08	1.46969	7888.47	2.07175
1512478587094	24.84	7888	1.41421	7888.32	1.74929	7888.23	1.48064	7888.32	1.40594	7888.35	2.21505
1512478588118	24.85	7886.78	1.30171	7887.12	1.50886	7886.92	1.38212	7887.12	1.42361	7887.53	2.054
1512478589156	24.88	7886.22	0.971825	7886.68	1.65126	7886.23	1.30089	7886.44	1.47422	7886.94	2.12286
1512478590218	24.91	7885	1.41421	7885.72	1.83757	7885.15	1.57301	7885.52	1.78232	7886.47	2.28449
1512478591244	24.92	7884.33	1.32288	7885	1.44338	7884.69	1.49358	7884.84	1.46287	7885.71	1.83676
1512478592270	24.95	7884	1.11803	7884.72	1.51438	7884.23	1.16575	7884.6	1.60728	7885.44	1.93052
1512478593311	24.96	7882.44	2.12786	7882.52	1.73494	7882.23	1.96443	7882.12	1.64114	7882.76	1.85831
1512478594316	24.99	7881.22	1.71594	7881.52	1.78232	7881.08	1.49786	7881.2	1.47196	7881.7	1.92863
1512478595414	25	7879	2.06155	7879.68	2.05589	7879	1.77951	7879.44	1.68523	7880.49	2.10186
1512478596418	25.01	7878.22	2.04803	7879.6	2.25462	7878.69	2.05688	7879.36	2.03879	7880.16	2.17947
1512478597424	25.03	7878.33	1.65831	7878.8	1.65831	7878.31	1.37747	7878.64	1.57797	7878.85	1.96842
1512478598439	25.03	7878.22	1.64148	7878.64	1.93391	7878.15	1.57301	7878.64	1.93391	7879.32	2.20095
1512478599465	25.05	7876.44	2.29734	7877.8	2.23607	7876.69	1.97419	7877.48	1.8735	7878.62	2.1598
1512478600491	25.05	7876.11	1.45297	7877.08	1.6563	7876.46	1.45002	7877.04	1.48549	7877.74	1.99938
1512478601517	25.08	7877.78	2.16667	7878.16	1.62481	7877.92	1.89128	7877.92	1.52534	7878.18	1.94456
1512478602536	25.08	7876.22	1.85592	7876.68	1.67631	7876.23	1.64083	7876.2	1.55456	7877.5	2.17017
1512478603615	25.08	7877.44	1.87824	7877.64	1.62993	7877.31	1.60128	7877.52	1.50333	7877.98	2.0232
1512478604708	25.12	7876.89	2.02759	7877.28	1.92614	7876.77	1.7867	7877.04	1.81384	7877.84	2.24075
1512478605792	25.12	7874.78	1.7873	7875.2	2	7874.62	1.85016	7875.08	1.82392	7876.13	2.27505
1512478606808	25.13	7875.11	1.69148	7875.8	2.06155	7875.23	1.92154	7875.64	1.84572	7875.83	2.20404
1512478607903	25.14	7874.89	1.76383	7875.4	2.39792	7874.85	1.90815	7875	1.84842	7876.16	2.50626
1512478609044	25.16	7874.22	1.30171	7874.72	1.74452	7874.46	1.56074	7874.28	1.67133	7874.23	2.09659
1512478610163	25.17	7873.67	1.87083	7874.6	2.16025	7874	1.77951	7874.2	1.93649	7874.76	2.1783
1512478611203	25.18	7873.33	1.41421	7873.84	1.90788	7873.46	1.5064	7873.4	1.77951	7873.82	2.16988
1512478612228	25.19	7873.44	1.33333	7873.32	1.4922	7873.31	1.18213	7873.08	1.38203	7873.97	2.4419
1512478613254	25.2	7872.33	2.23607	7872.84	1.79536	7872.31	1.88788	7872.52	1.68622	7873.34	2.33085
1512478614324	25.2	7872.78	1.98606	7872.12	1.69115	7872.15	1.95133	7871.8	1.73205	7872.03	2.32493
1512478615420	25.22	7871.78	2.27913	7871.4	1.60728	7871.54	1.98391	7871.28	1.6207	7871.78	2.32162
1512478616445	25.24	7870.78	1.85592	7871.52	1.8735	7870.92	1.84669	7871.44	1.70978	7871.19	2.10318
1512478617537	25.23	7869.56	1.424	7869.96	1.7673	7869.46	1.61325	7869.76	1.69017	7870.11	2.05487
1512478618655	25.25	7868.11	1.45297	7869.08	1.91311	7868.23	1.5359	7868.84	1.72434	7869.45	2.07876
1512478619751	25.25	7869.33	1.41421	7869.84	1.772	7869.69	1.4367	7869.76	1.69017	7870.21	2.0332
1512478620776	25.25	7869.67	1.32288	7870	1.5	7869.77	1.23517	7869.84	1.43411	7870.83	2.2585
1512478621802	25.27	7869.67	1.93649	7869.88	1.45258	7869.54	1.6641	7869.56	1.52971	7869.76	2.07294
1512478622847	25.28	7868	1.65831	7868.44	1.66032	7868	1.63299	7868.24	1.5885	7868.83	2.08753
1512478623900	25.28	7866.89	1.16667	7866.88	1.36382	7866.77	1.16575	7866.68	1.249	7867.56	2.05594
1512478624993	25.29	7866.44	1.23603	7866.56	1.47422	7866.31	1.37747	7866.4	1.60728	7867.34	2.14708
1512478626018	25.29	7867.78	1.85592	7867.8	1.91485	7867.46	1.71345	7867.4	1.89297	7868.45	2.27037
1512478627077	25.3	7867.56	1.87824	7868	2.04124	7867.31	1.6525	7867.68	1.95192	7868.61	2.07675
1512478628159	25.29	7866.78	2.33333	7866.88	1.85562	7866.62	2.2188	7866.72	1.83757	7867.56	2.42753
1512478629231	25.31	7867.44	1.94365	7867.72	1.79165	7867.62	2.02231	7867.68	1.77294	7868.28	2.0933
1512478630284	25.31	7867.11	2.08833	7866.84	1.72434	7867	2.08167	7866.8	1.73205	7867.08	2.06997
1512478631315	25.32	7866.44	1.81046	7866.84	1.62481	7866.92	1.97744	7866.8	1.63299	7867.38	1.9992
1512478632395	25.32	7869.44	3.24465	7868.04	2.7	7869.08	3.17442	7868.08	2.70678	7867.92	2.40208
1512478633448	25.34	7866.56	1.23603	7867.04	1.48549	7866.77	1.23517	7866.84	1.54596	7867.5	2.11917
1512478634452	25.34	7866.11	1.2693	7867.08	1.55242	7866.54	1.33012	7867.08	1.77764	7868.73	2.92835
1512478635477	25.34	7867.11	1.36423	7867.32	1.51987	7867.31	1.25064	7867.48	1.5308	7867.96	2.26346
1512478636551	25.35	7865.56	1.74005	7866.04	1.88149	7866.15	1.81871	7866.04	1.7673	7867.04	2.40956
1512478637643	25.35	7863	1.32288	7863.68	1.6	7863.54	1.45002	7863.64	1.49666	7864.71	2.24971
1512478638668	25.37	7864.56	1.81046	7864.32	1.67631	7864.46	1.85362	7864.44	1.52971	7864.62	2.18854
1512478639694	25.37	7863.78	1.7873	7864.08	1.6563	7863.69	1.60128	7863.92	1.57903	7864.85	2.38337
1512478640982	25.37	7864.11	2.02759	7864	1.63299	7863.85	1.81871	7863.76	1.5885	7864.38	2.29287
1512478642019	25.37	7867.11	1.76383	7866.84	1.90788	7866.92	1.89128	7866.72	1.96893	7866.13	2.12593
1512478643096	25.38	7865.33	1.73205	7865.16	2.21133	7865.38	1.7097	7865.12	2.08806	7865.07	2.20573
1512478644130	25.39	7863.44	1.94365	7863.84	1.92959	7863.38	1.66024	7863.68	1.99416	7864.56	2.29079
1512478645172	25.39	7862.67	2.23607	7863	1.68325	7862.69	1.97419	7862.92	1.77764	7864.22	2.18353
1512478646208	25.4	7863.22	2.81859	7863.52	2.53509	7863.38	2.53438	7863.52	2.53509	7864.16	2.29735
1512478647245	25.39	7864.67	1.65831	7865.08	1.70587	7864.62	1.50214	7865.16	1.86369	7865.99	2.61205
1512478648339	25.4	7865.78	1.98606	7865.92	1.63095	7865.92	1.93484	7865.8	1.70783	7865.88	2.25492
1512478649358	25.41	7864.22	2.53859	7864.84	2.21133	7864.15	2.19265	7864.52	2.25684	7865.51	2.23399
1512478650406	25.41	7863.89	2.75882	7863.96	2.18861	7863.54	2.43637	7863.52	2.18174	7863.96	2.26806
1512478651432	25.41	7862.11	1.90029	7862.76	1.71464	7862.15	1.57301	7862.6	1.68325	7863.94	2.43068
1512478652488	25.42	7861.78	1.48137	7862.36	1.89033	7861.69	1.31559	7862.2	2.02073	7863.36	2.57655
1512478653521	25.42	7862.78	1.56347	7862.8	1.80278	7862.62	1.80455	7862.56	1.78139	7863.85	2.44592
1512478654526	25.42	7864.44	1.50923	7863.92	1.82392	7864	1.47196	7863.84	1.8412	7864.11	2.25314
1512478655569	25.42	7864.22	1.71594	7863.96	2.16949	7863.85	2.11527	7863.92	2.13931	7864.66	2.73236
1512478656658	25.42	7864.67	2.73861	7865.12	2.68204	7864.54	2.69615	7864.92	2.5482	7865.66	2.40995
1512478657709	25.42	7864.89	2.14735	7865.4	2.48328	7864.92	2.06	7865.16	2.44404	7865.65	2.25467
1512478658718	25.43	7865.56	1.424	7866.08	1.95619	7865.62	1.50214	7865.44	1.68523	7866.37	2.17093
1512478659738	25.43	7865.56	0.881917	7865.12	1.66633	7865.08	1.32045	7864.92	1.55242	7865.85	2.18737
1512478660904	25.43	7865.33	2	7865.6	2.23607	7865.38	2.02231	7865.28	1.96893	7865.66	2.15715
1512478661971	25.42	7865.56	1.50923	7865.92	2.21585	7865.38	1.66024	7865.64	2.03879	7866.5	2.29838
1512478663067	25.42	7865.44	1.87824	7865.8	2.04124	7865.46	2.02548	7865.4	1.68325	7865.96	2.04219
1512478664269	25.42	7865.89	1.36423	7866.04	2.28181	7865.85	1.99358	7865.92	2.27156	7866.69	2.59503
1512478665330	25.43	7867.78	1.56347	7866.96	1.94679	7867.38	1.7097	7867.12	1.76352	7866.7	2.23906
1512478666371	25.43	7866	1.32288	7865.96	1.79072	7866.08	1.70595	7865.88	1.53623	7866.48	2.43472
1512478667448	25.43	7865	1.11803	7865.6	1.84842	7865.38	1.55662	7865.64	1.72916	7866.29	2.23345
1512478668514	25.44	7864.33	2	7864.8	1.95789	7864.62	2.02231	7864.68	1.79629	7865.48	2.33429
1512478669552	25.44	7863.44	1.66667	7864.12	1.81016	7863.62	1.75777	7863.84	1.7	7865.11	2.36149
1512478670625	25.44	7863	1.65831	7864.24	1.96384	7863.38	1.60927	7863.88	1.9	7865.42	2.35093
1512478671652	25.45	7864.33	1.93649	7864.84	1.99332	7864.62	1.93815	7864.64	1.823	7865.43	2.37314
1512478672657	25.45	7864.33	1.32288	7865.04	1.69509	7864.77	1.48064	7864.84	1.31276	7865.93	2.3163
1512478673665	25.45	7865.89	2.26078	7866.36	1.86815	7865.77	2.04751	7865.84	1.7	7866.93	2.2232
1512478674681	25.45	7865.89	1.45297	7865.68	1.99416	7865.92	1.70595	7865.84	2.0347	7866.48	2.50847
1512478675821	25.45	7865.44	1.87824	7865.72	1.59478	7865.54	1.76141	7865.8	1.68325	7866.95	2.22038
1512478676842	25.45	7864.33	2.29129	7864.96	1.88149	7864.38	2.06311	7864.76	1.78606	7865.87	2.29412
1512478677855	25.47	7863.22	2.27913	7864	2.17945	7863.31	2.05688	7863.72	2.05183	7865.26	2.42496
1512478678889	25.48	7865.78	2.04803	7866	1.97906	7865.69	1.79743	7865.68	1.81934	7865.83	2.1731
1512478679932	25.47	7865.22	2.53859	7865.8	1.93649	7865.38	2.2188	7865.6	1.87083	7866.41	2.3812
1512478680977	25.47	7863.67	1.93649	7864	2.14087	7863.62	2.06311	7863.68	1.95192	7864.93	2.21616
1512478682006	25.47	7863.78	1.30171	7864.56	1.85023	7864	1.29099	7864.16	1.46287	7865.39	2.25932
1512478683113	25.48	7861.78	1.64148	7863.08	2.3615	7862.23	1.73944	7862.84	2.07525	7864.44	2.29292
1512478684139	25.47	7865.44	2.18581	7864.8	2.12132	7865.08	2.17798	7864.64	2.05913	7864.78	2.26943
1512478685160	25.47	7864.22	2.43812	7864.36	1.86815	7864.15	2.03495	7864.36	1.823	7865.23	2.68144
1512478686288	25.47	7866	2.54951	7866.48	2.25684	7866.23	2.42053	7866.4	2.14087	7866.43	2.23759
1512478687341	25.47	7865.33	1.11803	7866.24	1.56205	7865.85	1.28103	7866.4	1.87083	7866.94	2.31658
1512478688388	25.49	7864.78	1.48137	7865.12	1.61555	7864.85	1.62512	7865.32	1.57374	7866.16	2.31541
1512478689495	25.48	7866.67	1.41421	7866.28	1.6207	7866.46	1.5064	7866.28	1.67133	7866.35	2.20563
1512478690567	25.48	7865.44	1.74005	7865.4	1.47196	7865.31	1.60128	7865.48	1.47535	7866.37	2.32417
1512478691646	25.49	7866.44	1.424	7866.96	1.54056	7866.62	1.38675	7866.88	1.36382	7867.39	2.25932
1512478692686	25.48	7865.67	2.06155	7866.08	1.91311	7865.85	2.0755	7865.92	1.93477	7866.26	1.94862
1512478693760	25.49	7866.22	2.04803	7866.76	1.94251	7866.62	2.06311	7866.68	1.86458	7867.15	2.14894
1512478694852	25.49	7865.67	1.87083	7866.36	2.15793	7866.23	2.0064	7866.16	2.0347	7867.25	2.13364
1512478695923	25.5	7865.22	2.22361	7866.08	2.41385	7865.77	2.27866	7865.72	2.03142	7866.48	2.33205
1512478697017	25.5	7864.56	1.5899	7865.28	2.09205	7865.08	1.89128	7865	1.65831	7865.67	2.13695
1512478698042	25.5	7865	1.93649	7865.04	1.83666	7865.08	1.75412	7864.96	1.79072	7865.49	2.23166
1512478699088	25.5	7865.89	1.53659	7866.08	2.34379	7866.38	2.56705	7866.24	2.45425	7866.54	2.40212
1512478700093	25.5	7865	1.22474	7865.56	1.91659	7865.38	1.55662	7865.6	2.14087	7865.85	2.1945
1512478701129	25.51	7863.67	1.65831	7864.16	1.7	7863.92	1.70595	7864.12	1.69115	7865.55	2.22402
1512478702261	25.52	7863.33	2.64575	7863.48	1.91746	7863.38	2.25605	7863.4	1.89297	7864.62	2.51623
1512478703296	25.51	7862.67	2.59808	7864.2	2.88675	7863.08	2.4311	7863.72	2.47521	7865	2.69838
1512478704341	25.51	7864.56	2.06828	7864.8	1.87083	7864.54	1.8081	7864.6	1.60728	7865.02	2.2499
1512478705365	25.51	7863.78	2.16667	7864.24	1.85472	7863.85	1.81871	7864.04	1.7195	7864.86	2.43587
1512478706372	25.52	7863.56	2.06828	7864.12	1.9218	7863.77	1.83275	7864.04	1.85921	7865.02	2.30253
1512478707387	25.51	7865.11	2.14735	7865.4	2	7865.46	2.18386	7865.16	2.0347	7865.19	2.1762
1512478708442	25.51	7865.11	1.69148	7865.24	1.5885	7865.15	1.62512	7865	1.35401	7865.54	2.2866
1512478709467	25.51	7864.78	1.7873	7865.56	1.68523	7865.15	1.77229	7865.28	1.6207	7866.16	2.30942
1512478710474	25.52	7863.67	1.58114	7864.36	1.49666	7864.15	1.62512	7864.2	1.25831	7865.06	2.21074
1512478711499	25.52	7863	1.87083	7863.88	2.14709	7863.23	1.87767	7863.56	2.02237	7864.66	2.18316
1512478712839	25.52	7862.67	2.23607	7863.32	2.03552	7862.92	2.06	7863.16	2.13464	7864.65	2.47881
1512478713867	25.52	7864.78	2.10819	7865.44	1.98074	7865.15	1.86396	7865.16	2.15407	7865.23	2.41304
1512478714919	25.52	7863.22	2.04803	7864.12	1.96469	7863.46	1.89804	7863.68	1.97315	7864.54	2.37596
1512478715944	25.52	7866.89	2.61937	7867.16	2.35726	7867.08	2.36155	7866.88	2.22336	7867.21	2.60237
1512478717010	25.52	7865	1.73205	7865.16	1.40475	7865.23	1.48064	7865.08	1.55242	7866.34	2.36448
1512478718023	25.52	7866.44	1.66667	7866.4	1.87083	7866.69	1.93152	7866.16	1.90788	7866.69	2.62496
1512478719072	25.52	7864.33	1.5	7865	2.04124	7864.77	1.92154	7864.64	1.7767	7865.25	2.31454
1512478720103	25.52	7863.67	1.65831	7864.52	1.8735	7864.15	2.0755	7864.44	2.00167	7864.94	2.33895
1512478721161	25.52	7864.33	1.32288	7864.88	1.36382	7864.62	1.60927	7864.68	1.46401	7865.4	2.32545
1512478722259	25.52	7864.22	1.39443	7865	1.60728	7864.46	1.39137	7864.68	1.6	7865.39	2.31824
1512478723326	25.52	7863.11	1.45297	7864.32	1.99416	7863.31	1.54837	7863.84	1.74833	7865.64	2.66373
1512478724371	25.52	7863.89	2.02759	7865.16	1.88591	7864.62	2.10311	7865	1.87083	7866.25	2.49015
1512478725403	25.54	7862	2.12132	7862.76	1.85472	7862.38	1.85016	7862.68	1.86458	7864.46	2.5145
1512478726467	25.53	7861	1.73205	7861.92	1.63095	7861.31	1.54837	7861.72	1.54164	7863.46	2.52887
1512478727559	25.52	7864.78	2.22361	7864.92	1.99833	7865	2.08167	7864.92	2.19697	7866.18	2.61009
1512478728568	25.52	7863.56	1.81046	7864.32	2.03552	7864.08	1.89128	7864.4	1.95789	7865.59	2.49462
1512478729610	25.53	7863.11	1.96497	7863.88	2.10792	7863.54	1.98391	7863.68	1.79629	7865.38	2.61966
1512478730636	25.52	7865	1.73205	7865.2	1.58114	7865.15	1.46322	7865.28	1.51438	7866.01	2.38375
1512478731661	25.52	7866.22	2.58736	7866.64	2.36079	7866.62	2.50128	7866.56	2.23756	7866.82	2.27075
1512478732671	25.53	7866.11	2.20479	7866.68	1.86458	7866.31	1.97419	7866.52	2.04369	7867.25	2.45593
1512478733760	25.52	7864.22	1.64148	7864.6	1.63299	7864.23	1.64083	7864.44	1.55671	7865.3	2.22974
1512478734835	25.52	7862.89	2.02759	7863.6	2.06155	7863.23	1.87767	7863.56	2.00167	7865.25	2.69699
1512478735862	25.52	7863.78	2.04803	7864.96	1.96808	7864.23	1.92154	7864.52	1.82848	7866.28	2.62291
1512478736913	25.52	7863.22	2.10819	7863.76	1.71464	7863.46	1.89804	7863.52	1.68622	7864.59	2.34816
1512478737921	25.52	7863	1.41421	7863.72	1.67133	7863.23	1.36344	7863.48	1.44684	7864.88	2.3128
1512478739054	25.52	7864.33	1.41421	7864.68	1.74929	7864.62	1.38675	7864.44	1.50222	7865.56	2.2678
1512478740105	25.53	7863.22	1.64148	7864.16	1.88591	7863.85	1.99358	7864.2	1.70783	7865.51	2.35432
1512478741121	25.52	7865.44	2.24227	7865.28	1.79165	7865.46	1.94145	7865.4	1.73205	7866.23	2.40872
1512478742199	25.53	7866	2	7866.04	1.7195	7866.08	1.75412	7865.72	1.51438	7866.41	2.03442
1512478743256	25.53	7865.11	1.76383	7865.04	1.81384	7865.38	1.66024	7864.92	1.49778	7865.73	2.25745
1512478744378	25.52	7862.89	2.61937	7863.4	2.10159	7863.23	2.31495	7863.24	1.80924	7864.36	2.29166
1512478745459	25.53	7863.67	1.80278	7864.48	2.34734	7864.23	1.96443	7864.32	1.95192	7865.38	2.40159
1512478746464	25.53	7865.33	2	7865.8	2.02073	7865.54	1.89804	7865.6	1.89297	7866.1	2.29711
1512478747489	25.53	7862.78	1.98606	7863.92	1.89121	7863.38	1.93815	7863.6	1.65831	7864.47	2.15553
1512478748536	25.52	7863.89	1.76383	7864.6	1.84842	7864.46	1.85362	7864.32	1.54704	7865.13	2.31589
1512478749601	25.53	7863.67	1.73205	7864.52	2.0232	7864.38	2.14237	7864.48	1.91746	7865.17	2.18743
1512478750608	25.54	7864.89	1.96497	7865.08	2.13931	7865.54	2.25889	7865.16	2.07525	7865.53	2.34746
1512478751613	25.54	7863.22	2.04803	7863.72	2.0108	7863.85	2.23033	7863.52	1.85113	7864.69	2.35071
1512478752658	25.54	7862.22	2.22361	7862.64	1.8	7862.62	1.98068	7862.24	1.61452	7863.15	2.39209
1512478753689	25.53	7861.22	1.7873	7862	2.08167	7861.69	1.88788	7861.72	1.79165	7863.39	2.84868
1512478754714	25.53	7863.11	2.66667	7863.2	2.34521	7863.31	2.3939	7863.24	2.24128	7864.5	2.54568
1512478755736	25.54	7863.11	1.2693	7863.36	1.823	7863.38	1.85016	7863.16	1.772	7864.62	2.52012
1512478756777	25.54	7863.44	1.50923	7863.92	1.57903	7863.69	1.70219	7863.72	1.42945	7864.72	2.18051
1512478757803	25.53	7864.78	2.33333	7865.84	2.2301	7865.15	2.0755	7865.32	1.95192	7866.55	2.6748
1512478758833	25.54	7862.67	1.73205	7863.4	2	7863	1.63299	7862.84	1.86369	7864.2	2.32795
1512478759851	25.55	7863	2.23607	7863.44	1.85023	7863.08	1.97744	7862.92	1.68127	7863.94	2.1881
1512478760933	25.55	7863.22	2.10819	7863.84	1.67531	7863.46	1.8081	7863.48	1.50333	7864.07	2.0743
1512478762007	25.54	7862.78	1.64148	7863.4	1.70783	7863.23	1.69085	7863.4	1.52753	7864.14	2.0832
1512478763101	25.54	7863	1.87083	7863.32	1.90875	7863.15	2.03495	7863.16	1.67531	7864.22	2.25395
1512478764152	25.54	7863	2.12132	7864	1.97906	7863.38	2.14237	7863.6	1.80278	7864.75	2.18727
1512478765164	25.54	7863.22	2.77389	7864.36	2.498	7863.38	2.46774	7863.92	2.25315	7864.97	2.26715
1512478766203	25.55	7862	2.73861	7863.08	2.5807	7862.15	2.82389	7862.8	2.46644	7864.53	2.65168
1512478767248	25.55	7863.67	2	7864.28	2.13151	7863.92	2.06	7864.32	1.74929	7865.2	2.56084
1512478768356	25.54	7862.56	1.87824	7863.2	1.77951	7862.85	1.72463	7863.08	1.41185	7864.14	2.20466
1512478769367	25.55	7862.33	1.41421	7863.04	2.11108	7862.92	1.70595	7862.84	1.54596	7864.01	2.19966
1512478770392	25.55	7861.44	1.5899	7861.56	1.44568	7861.62	1.50214	7861.36	1.25433	7862.11	2.03705
1512478771479	25.56	7860.67	1.87083	7860.96	1.7195	7860.92	1.801	7860.72	1.45831	7861.37	2.13464
1512478772597	25.55	7861.22	1.48137	7862.24	2.0672	7861.92	2.06	7861.96	1.83666	7862.4	2.53771
1512478773629	25.55	7861.56	2.24227	7862.16	2.15407	7862	2.34521	7862	1.91485	7862.57	2.4015
1512478774653	25.55	7860	2.23607	7860.52	2.0025	7859.92	2.13937	7860.16	1.88591	7861.02	2.39565
1512478775681	25.55	7860.11	2.08833	7860.32	1.65126	7860.23	2.0064	7860.16	1.772	7861.03	2.07775
1512478776775	25.54	7859.89	2.02759	7860.84	2.17332	7860.15	1.95133	7860.16	1.74833	7861.43	2.28822
1512478777847	25.53	7861.67	2.17945	7862.88	2.20454	7862.46	2.3315	7862.6	2.08167	7864.3	3.01953
1512478778857	25.53	7865.78	2.22361	7865.88	1.73973	7866.08	2.01914	7865.68	1.77294	7866.7	2.52959
1512478779899	25.52	7865.11	2.20479	7865.12	1.66633	7865.23	2.04751	7864.92	1.73013	7865.41	2.28065
1512478781115	25.53	7864	1.41421	7864.68	1.8868	7864.46	1.61325	7864.48	1.93907	7866.42	2.76997
1512478782152	25.53	7866.22	2.22361	7866.4	1.60728	7866.46	1.98391	7866.28	1.69607	7867.14	2.11298
1512478783239	25.53	7864.78	2.04803	7865.24	1.71464	7865.15	1.95133	7864.96	1.94679	7865.99	2.22789
1512478784311	25.51	7865.33	0.707107	7865.68	1.46401	7865.77	1.01274	7865.32	1.28193	7867.04	2.25549
1512478785318	25.52	7865	1.65831	7866.08	1.86905	7865.77	2.08782	7865.88	1.78699	7867.13	2.08479
1512478786338	25.51	7866.89	1.83333	7867.44	2.04287	7867.15	1.72463	7867.04	1.69509	7867.84	2.3972
1512478787373	25.51	7866.11	2.08833	7866.96	2.09125	7866.54	2.02548	7866.68	1.81934	7868.1	2.44004
1512478788512	25.51	7866.33	1.41421	7866.88	1.50886	7866.62	1.26085	7866.48	1.29486	7867.71	2.13326
1512478789562	25.51	7868.44	1.50923	7868.24	1.3626	7868.46	1.39137	7868.04	1.48549	7868.79	2.13392
1512478790677	25.51	7867.44	1.5899	7867.36	1.35031	7867.62	1.3253	7867.16	1.40475	7868.25	2.10476
1512478791767	25.51	7866.56	1.50923	7867.64	1.823	7867.08	1.49786	7867.36	1.65529	7869.09	2.39303
1512478792853	25.51	7868.22	2.10819	7868.68	2.15484	7868.31	1.93152	7868.56	2.10317	7870.13	2.64748
1512478793894	25.52	7868.33	2.23607	7868.84	1.88591	7868.54	2.02548	7868.52	1.85113	7869.67	2.50254
1512478794906	25.51	7868.44	1.81046	7869.2	1.68325	7868.92	1.801	7868.96	1.59374	7870.05	2.2553
1512478795923	25.51	7870	2	7870.8	1.93649	7870.08	1.75412	7870.16	1.59896	7871.24	2.55314
1512478796970	25.52	7870	2.95804	7869.6	2.39792	7869.77	2.86222	7869.44	2.46779	7869.92	2.31822
1512478797996	25.52	7868.44	2.50555	7868.32	2.17409	7868.62	2.39925	7868.24	2.38537	7868.58	2.24421
1512478799007	25.51	7868.22	3.73423	7868.64	2.97041	7868.15	3.38738	7868.2	3.01386	7869.85	2.85038
1512478800147	25.52	7868.56	2.24227	7868.72	1.88237	7868.46	1.85362	7868.64	1.72916	7869.33	2.11694
1512478801188	25.51	7867.44	1.87824	7867.92	1.75404	7867.69	1.79743	7867.8	1.60728	7868.32	2.12877
1512478802195	25.52	7867.56	1.94365	7867.84	1.49108	7867.38	1.75777	7867.76	1.50776	7868.71	2.23345
1512478803238	25.52	7868	2.91548	7868.32	2.19317	7867.92	2.56455	7868.2	2.12132	7869.06	2.16897
1512478804255	25.51	7870	3.31662	7870.44	2.39931	7869.92	3.01279	7870.36	2.61215	7869.91	2.39826
1512478805281	25.51	7868.56	3.00463	7869.2	2.29129	7868.54	2.50384	7869	2.17945	7870.06	2.46684
1512478806306	25.52	7867.67	2.78388	7868.36	2.19621	7867.77	2.31495	7868.12	1.98578	7869.72	2.44618
1512478807332	25.52	7868.89	2.02759	7869.4	1.89297	7868.92	1.801	7869.28	1.64621	7870.41	2.30564
1512478808367	25.51	7870.33	2.39792	7870.48	2.2383	7870.08	2.39658	7870.36	2.25241	7870.63	2.49493
1512478809431	25.51	7869.22	1.48137	7870.16	2.54427	7869.54	1.85362	7869.68	2.09603	7870.95	2.70366
1512478810523	25.51	7869	2.29129	7869.52	2.27523	7869.15	1.95133	7869.16	1.95107	7870.7	2.61662
1512478811549	25.51	7869.44	2.4037	7869.68	1.97315	7869.15	2.03495	7869.56	1.73397	7870.49	2.19637
1512478812621	25.5	7869.33	2.54951	7870.16	2.2301	7869.38	2.29269	7869.96	2.15019	7870.59	2.22517
1512478813714	25.51	7869.33	1.80278	7869.44	1.63503	7869.38	1.60927	7869.28	1.51438	7870.4	2.36542
1512478814741	25.5	7867.89	1.83333	7868.48	1.68622	7868.15	1.62512	7868.32	1.4922	7869.8	2.47752
1512478815775	25.5	7868	2	7868.04	1.96808	7867.92	1.70595	7867.88	1.48099	7869.62	2.39725
1512478816821	25.51	7868.44	2.18581	7868	2.23607	7868.31	1.93152	7868.08	1.75404	7869.71	2.49557
1512478817862	25.5	7866.78	1.71594	7867.08	1.75404	7866.77	1.64083	7866.96	1.42829	7868.77	2.45583
1512478818894	25.51	7867.56	2.12786	7867.52	2.14321	7867.69	2.42846	7867.52	2.0025	7868.75	2.30552
1512478819896	25.51	7866.11	1.53659	7866.84	1.72434	7866.38	1.38675	7866.76	1.33167	7868.23	2.37665
1512478820991	25.51	7866.22	1.7873	7867	1.73205	7866.38	1.66024	7866.8	1.52753	7868.3	2.29421
1512478822128	25.52	7865.44	2.45515	7866.48	2.08407	7865.69	2.32324	7866.08	1.93477	7867.44	2.38874
1512478823157	25.52	7865.22	2.04803	7866.4	1.89297	7865.62	1.80455	7866.2	1.75594	7867.37	2.53429
1512478824421	25.52	7865.67	1.80278	7866.84	2.13464	7865.92	1.65638	7866.28	1.83757	7867.42	2.17126
1512478825440	25.52	7865	2.44949	7866.32	2.37557	7865.23	2.04751	7866	2.08167	7867.41	2.36604
1512478826540	25.52	7865.33	1.58114	7866.84	2.11503	7865.77	1.83275	7866.6	1.87083	7867.98	2.55351
1512478827721	25.53	7865.67	1.65831	7866.76	1.83212	7865.77	1.64083	7866.64	1.89033	7867.57	2.27453
1512478828833	25.53	7863.78	1.64148	7864.92	2.03961	7864.15	1.72463	7864.68	1.77294	7865.63	2.32612
1512478829942	25.54	7864.11	2.14735	7865.04	2.40624	7864.31	2.09701	7864.68	1.97315	7865.8	2.34134
1512478831020	25.53	7863.67	1.65831	7864.24	1.78606	7863.69	1.60128	7863.84	1.7	7864.8	2.18317
1512478832047	25.53	7863.11	1.61589	7863.4	2	7862.85	1.72463	7863	1.70783	7864.21	2.31133
1512478833072	25.52	7863	1.32288	7863.72	1.94765	7862.85	1.46322	7863.08	1.25565	7864.34	2.38387
1512478834109	25.53	7862.78	1.56347	7863.32	1.67631	7862.85	1.86396	7863.12	1.83303	7863.43	2.35994
1512478835201	25.52	7860.56	1.23603	7861.28	1.64621	7860.85	1.40512	7861	1.25831	7861.95	2.25171
1512478836269	25.52	7861.56	1.50923	7862.44	2.06317	7861.77	1.83275	7862.2	1.70783	7863.88	2.76912
1512478837406	25.54	7861	1.80278	7861.64	2.36079	7861.15	2.26738	7861.44	2.18098	7863.22	2.8163
1512478838475	25.53	7861.56	1.50923	7861.92	1.97737	7861.46	1.76141	7861.92	1.89121	7863.05	2.33918
1512478839497	25.53	7863.11	2.31541	7864.08	2.30796	7863.23	2.16617	7863.88	2.26053	7865.03	2.85123
1512478840505	25.52	7860.89	2.42097	7862.44	2.2745	7861.31	2.09701	7862.08	1.95619	7863.45	2.74211
1512478841588	25.53	7863.44	2.83333	7864.16	2.0347	7863.54	2.36697	7863.68	1.97315	7864.26	2.29702
1512478842731	25.53	7864.22	2.22361	7864.68	1.93046	7864.15	2.03495	7864.16	1.67531	7865.02	2.31156
1512478843809	25.53	7861.33	2.17945	7861.92	2.05994	7861.31	1.88788	7861.6	1.75594	7862.8	2.44216
1512478844857	25.53	7860.67	1.87083	7862.04	2.45764	7860.77	1.7867	7861.64	2.07926	7863.24	2.50786
1512478845864	25.53	7863.11	1.83333	7863.12	2.36854	7862.77	2.12736	7862.76	2.12681	7863.91	2.50988
1512478846911	25.53	7863	1.80278	7863.08	2.21585	7862.85	1.95133	7862.8	1.97906	7863.37	2.20662
1512478848000	25.54	7863.22	2.3863	7863.36	2.34307	7863	2.38048	7863.04	2.13073	7863.9	2.3264
1512478849028	25.53	7865.33	2.78388	7865.24	2.04695	7865.15	2.54448	7864.88	2.14709	7865.22	2.64266
1512478850090	25.53	7861.44	2.29734	7862.36	2.13854	7861.69	2.09701	7861.84	1.772	7863.69	2.56881
1512478851200	25.52	7864.89	1.90029	7865.24	2.20378	7864.77	2.31495	7864.84	2.17332	7865.69	2.34628
1512478852352	25.53	7864.33	1.65831	7864.68	2.09603	7864.15	1.90815	7864.32	2.01494	7865.56	2.39513
1512478853356	25.53	7860.89	2.14735	7861.8	2.41523	7860.77	2.04751	7861.44	2.14243	7863.29	2.41496
1512478854411	25.53	7863.22	2.99073	7864.52	2.69444	7863.15	2.60916	7864.2	2.5658	7865.78	2.97334
1512478855565	25.53	7863.22	3.07318	7863.28	2.28254	7862.69	2.78043	7863.04	2.20756	7864.58	2.43366
1512478856574	25.53	7863.44	1.94365	7864.28	1.94765	7863.46	1.8081	7864	1.87083	7864.49	2.35653
1512478857704	25.52	7862.89	2.14735	7863.72	1.92614	7863	2.04124	7863.44	1.80462	7864.53	2.19615
1512478858729	25.53	7863.78	2.04803	7864.8	2.06155	7863.92	1.75412	7864.28	1.69607	7865.73	2.3099
1512478859755	25.53	7862.22	2.10819	7863.28	2.0108	7862.38	1.89466	7862.72	1.86011	7863.54	2.23835
1512478860827	25.54	7862.56	2.00693	7862.8	2.12132	7862.38	1.80455	7862.44	1.78139	7864.05	2.53782
1512478861920	25.53	7861.78	1.92209	7862.36	2.07926	7861.69	1.97419	7861.84	1.67531	7863.42	2.36181
1512478862945	25.54	7862.44	2.55495	7863.12	2.2971	7862.46	2.60177	7862.6	2.16025	7864.31	2.45092
1512478863950	25.53	7861.89	2.20479	7862.24	2.20378	7861.85	2.26738	7861.84	2.0347	7863.22	2.24933
1512478865006	25.53	7862.44	1.74005	7863.32	1.99416	7862.46	1.6641	7863.04	1.81384	7864.15	2.38337
1512478866089	25.53	7863.67	1.58114	7863.76	1.61452	7863.46	1.71345	7863.64	1.49666	7864.69	2.43773
1512478867146	25.53	7864	1.5	7864.12	1.94336	7863.69	1.49358	7863.84	1.74833	7864.76	2.579
1512478868171	25.53	7863.22	2.10819	7863.68	2.35797	7863	2.34521	7863.32	2.35797	7864.78	2.59693
1512478869197	25.53	7861.89	1.83333	7862.72	2.15097	7862	2	7862.36	1.86815	7864.12	2.45269
1512478870233	25.54	7865.44	1.50923	7865.04	2.0306	7865.08	1.93484	7864.52	2.10396	7865.07	2.59706
1512478871253	25.53	7862.78	1.39443	7863.48	2.43447	7862.92	1.801	7862.88	1.73973	7864.05	2.35693
1512478872291	25.54	7863.11	2.52212	7863.4	2.48328	7863.08	2.72218	7863.12	2.22336	7863.53	2.43459
1512478873306	25.53	7861.33	1.58114	7862.4	2.34521	7861.62	2.14237	7861.96	1.85921	7863.21	2.26878
1512478874351	25.54	7863	2.39792	7863.56	2.04287	7863	2.16025	7863	2	7863.79	2.30907
1512478875384	25.54	7863	2.34521	7863.44	2.23756	7862.77	2.12736	7862.84	1.92959	7864.55	2.58983
1512478876394	25.53	7863.56	3.04594	7864.56	2.66271	7863.38	2.59931	7864.04	2.33595	7865.21	2.44705
1512478877532	25.54	7863.89	3.10018	7864.56	2.67831	7863.62	2.8148	7863.96	2.40624	7865.41	2.4075
1512478878542	25.54	7861.78	2.16667	7861.56	2.2561	7861.54	2.3315	7861.24	1.96384	7862.4	2.49006
1512478879584	25.54	7861.89	1.96497	7862.32	1.86458	7862.08	2.01914	7861.92	1.70587	7862.74	2.27935
1512478880632	25.55	7861.78	1.30171	7861.92	1.70587	7861.69	1.84321	7861.84	1.7	7863.06	2.33672
1512478881668	25.54	7861.67	1.41421	7861.28	1.6207	7861.31	1.60128	7861.4	1.63299	7863.5	2.87251
1512478882775	25.54	7859.89	2.31541	7859.92	2.05994	7859.62	2.2188	7859.88	1.76352	7861.48	2.52507
1512478883800	25.54	7859.44	2.24227	7860.04	2.44063	7859.38	2.29269	7859.88	2.1276	7861.38	2.52243
1512478884826	25.54	7860.67	2.06155	7860.48	1.8735	7860.23	2.08782	7860.2	1.87083	7860.95	2.2191
1512478885852	25.54	7861	1.93649	7860.52	1.82848	7860.38	1.98068	7860.2	1.73205	7861.06	2.46472
1512478886876	25.54	7862	2.34521	7863.2	2.79881	7862.15	2.44425	7862.68	2.77969	7862.16	2.92797
1512478887953	25.53	7861.56	1.66667	7862.08	1.91311	7861.77	1.73944	7861.84	1.62481	7862.55	2.39551
1512478889042	25.53	7864.67	2.69258	7864.32	2.41039	7864.69	2.59437	7864.04	2.37136	7864.38	2.38662
1512478890068	25.54	7862.22	2.04803	7862.6	1.82574	7862.08	1.84669	7862.2	1.55456	7863	2.11886
1512478891078	25.54	7860.89	2.08833	7861.96	2.22636	7861.23	2.24179	7861.52	1.89561	7862.1	2.15437
1512478892119	25.54	7861	1.80278	7861.24	1.83212	7861.31	1.88788	7861.08	1.84662	7862.21	2.60579
1512478893244	25.53	7863.11	1.69148	7862.44	2.55082	7863	2.48328	7862.44	2.29274	7862.08	2.28655
1512478894329	25.53	7860.22	2.22361	7860.4	2.25462	7859.85	2.47811	7860.36	2.05913	7861.17	2.35041
1512478895356	25.52	7862.78	1.7873	7863.16	2.32164	7862.31	2.17503	7862.84	2.26716	7862.95	2.59555
1512478896383	25.53	7862.33	1.87083	7862.8	1.97906	7862.15	1.86396	7862.92	2.01908	7863.72	2.23478
1512478897475	25.52	7862.78	2.58736	7862.64	2.09921	7862.54	2.3315	7862.52	1.8735	7863.11	2.14025
1512478898509	25.52	7862.89	2.66667	7862.8	2.16025	7862.54	2.47034	7862.6	2.12132	7863.31	2.25849
1512478899511	25.52	7861.67	3	7862.16	2.33952	7861.62	2.59931	7861.88	2.20454	7863.38	2.23768
1512478900550	25.51	7861	3.08221	7861.48	2.48529	7860.85	2.70327	7861.12	2.22336	7862.88	2.33213
1512478901623	25.52	7863.78	1.85592	7863.88	1.98578	7863.46	2.06621	7863.6	1.82574	7864.24	2.17591
1512478902649	25.52	7862.78	2.33333	7863.24	1.96384	7862.69	2.01596	7863	1.68325	7864.76	2.63494
1512478903658	25.52	7862.78	1.85592	7863.32	1.95192	7862.54	1.71345	7862.96	1.54056	7863.89	2.29891
1512478904661	25.51	7862.89	2.08833	7863.08	2.03961	7862.54	2.06621	7862.72	1.72047	7864.31	2.20908
1512478905689	25.52	7863.22	2.68225	7862.84	2.2487	7862.77	2.48843	7862.6	2.04124	7863.44	2.34236
1512478906717	25.51	7864.11	1.45297	7863.6	1.93649	7863.85	1.99358	7863.64	1.823	7863.81	2.3131
1512478907780	25.51	7862.78	1.98606	7862.88	1.96469	7862.62	1.98068	7862.84	1.86369	7863.62	2.27718
1512478908872	25.52	7862.89	2.36878	7862.72	2.05183	7862.69	2.13638	7862.64	1.93391	7863.26	2.29702
1512478909943	25.52	7863.89	2.20479	7863.88	2.06801	7863.77	2.16617	7863.72	1.79165	7864.12	2.39032
1512478910974	25.52	7863.44	2.29734	7863.44	1.98074	7863.23	2.16617	7862.92	1.97737	7864.07	2.67413
1512478912063	25.51	7861.89	2.08833	7862.4	2.04124	7861.85	1.90815	7861.88	1.66633	7863.56	2.54293
1512478913089	25.52	7861	2.12132	7862	2.39792	7861.23	2.16617	7861.52	2.08407	7862.98	2.33737
1512478914098	25.52	7861.44	1.50923	7861.88	1.85562	7861.69	2.01596	7861.76	1.94251	7862.76	2.29927
1512478915123	25.52	7861.56	2.4037	7862.36	2.03879	7861.62	2.10311	7861.72	1.90438	7862.93	2.39153
1512478916142	25.52	7862.44	2.60342	7862.84	1.92959	7862.54	2.22169	7862.52	1.85113	7863.32	2.2887
1512478917201	25.52	7862.67	1.58114	7862.96	1.83666	7862.85	1.67562	7862.68	1.51987	7864.05	2.30656
1512478918364	25.53	7861.44	2.24227	7861.84	1.88591	7861.38	1.93815	7861.44	1.68523	7862.57	2.15458
1512478919385	25.52	7859.22	2.68225	7860.56	2.87344	7859.54	2.40192	7860.16	2.93939	7861.9	2.72826
1512478920430	25.52	7859.44	1.424	7860.28	1.74452	7859.77	1.5359	7859.92	1.6052	7861.76	2.45696
1512478921505	25.51	7860.78	2.10819	7860.8	2	7860.85	1.90815	7860.76	1.94251	7862.19	2.28136
1512478922527	25.51	7860.67	2.12132	7861.6	1.97906	7861.08	1.93484	7861.28	1.67133	7862.63	2.38799
1512478923557	25.51	7862	2.73861	7862.56	2.23756	7862.23	2.5217	7862.12	2.00666	7863.2	2.48382
1512478924583	25.51	7863.33	2.17945	7863.96	2.05102	7863.54	2.25889	7863.56	1.91659	7863.93	2.05774
1512478925611	25.51	7861.89	1.83333	7862.48	1.75879	7862	1.73205	7862.04	1.59374	7862.46	1.94705
1512478926634	25.51	7860.89	1.36423	7861.64	1.8	7861.08	1.5525	7861.24	1.5885	7862.06	2.33993
1512478927720	25.5	7860.11	1.45297	7860.48	1.61038	7860.15	1.46322	7860.24	1.3	7861.04	2.03453
1512478928815	25.5	7861.11	1.61589	7861.88	1.9218	7861.38	1.66024	7861.64	1.8	7862.38	1.98614
1512478929853	25.51	7860	2.54951	7860.8	2.3094	7860.15	2.40992	7860.28	2.05183	7861.8	2.42289
1512478930897	25.5	7860.33	1.80278	7860.88	1.71561	7860.46	1.85362	7860.48	1.5308	7861.99	2.47696
1512478931996	25.5	7861.22	1.30171	7860.96	1.7195	7860.85	1.40512	7860.44	1.60935	7861.13	2.51636
1512478933205	25.51	7863	2.64575	7863.24	1.96384	7863.15	2.23033	7863.08	1.91311	7862.96	2.18144
1512478934285	25.51	7861.67	2.23607	7861.72	2.03142	7861.85	2.26738	7861.6	1.91485	7862.77	2.26381
1512478935295	25.51	7860.89	2.31541	7860.92	2.01908	7860.62	2.32875	7860.76	1.98494	7860.84	2.08084

1512478936436	25.51	7859.56	1.424	7859.72	1.59478	7859.23	1.5359	7859.52	1.55778	7859.93	2.12147
1512478938033	25.61	7858.89	1.76383	7859.16	1.74833	7858.77	1.69085	7858.92	1.57903	7859.86	2.16894
1512478939072	25.63	7856.44	1.66667	7856.92	1.75404	7856.69	1.49358	7856.8	1.55456	7856.69	2.05518
1512478940102	25.62	7861.67	2.06155	7861.84	1.772	7861.62	1.80455	7861.56	1.98074	7861.01	2.41521
1512478941107	25.61	7864.56	1.23603	7865.16	2.01412	7865.31	1.70219	7865.32	2.21209	7865.46	2.2637
1512478942133	25.62	7872.22	1.98606	7872.84	2.11503	7872.54	1.89804	7872.64	2.30723	7872.15	1.88461
1512478943272	25.62	7876.56	0.881917	7876.64	1.25433	7876.69	1.1094	7876.84	1.65025	7877.13	2.15755
1512478944302	25.63	7881.44	2.12786	7881.32	2.21209	7881.92	2.39658	7881.4	2.08167	7882.22	2.01668
1512478945324	25.63	7886.44	1.81046	7886.04	1.92527	7886.46	1.61325	7886.12	2.00666	7885.51	1.96614
1512478946346	25.64	7887.89	1.05409	7887.96	1.42829	7888.08	0.954074	7887.8	1.1547	7888.78	2.01998
1512478947375	25.64	7893.44	1.50923	7893.24	1.98494	7893.54	1.6641	7893.6	2.06155	7892.52	1.99758
1512478948517	25.65	7894.67	1.5	7895.04	1.54056	7894.92	1.5525	7894.96	1.74356	7895.3	1.93133
1512478949542	25.66	7898.22	1.56347	7897.76	1.80924	7898	1.47196	7897.84	1.90788	7897.09	1.98211
1512478950594	25.65	7896.44	1.01379	7896.76	1.16476	7896.62	1.1209	7897.04	1.45717	7897.81	2.14
1512478951620	25.67	7895.67	1.11803	7896.64	1.95533	7896.15	1.28103	7896.72	2.11187	7896.67	1.80051
1512478952632	25.67	7897.11	1.2693	7897.16	1.57268	7897.15	1.3445	7897.44	1.73397	7897.67	2.00836
1512478953697	25.67	7899	1.32288	7899.24	1.3	7899.23	1.23517	7899.28	1.24231	7899.69	1.96448
1512478954782	25.67	7899.89	1.36423	7900.4	1.63299	7900.23	1.23517	7900.36	1.65529	7900.68	1.82534
1512478955873	25.67	7903	2.12132	7903	1.84842	7903.15	1.77229	7903.16	1.74833	7902.41	2.00086
1512478956886	25.68	7902	1.5	7902.36	1.49666	7902.38	1.44559	7902.44	1.41657	7901.89	1.70586
1512478957906	25.67	7902.11	2.08833	7902.08	1.89121	7902.31	1.84321	7902.16	1.72434	7902.09	2.09352
1512478958931	25.67	7901.22	2.10819	7900.88	1.96469	7901.46	1.89804	7901.2	1.82574	7901.47	1.98706
1512478960025	25.67	7903.11	1.96497	7902.28	2.17025	7903.15	1.95133	7902.6	2.17945	7902.31	2.01988
1512478961076	25.67	7901.22	1.20185	7900.76	1.66533	7901.08	1.25576	7900.72	1.59478	7900.52	2.06683
1512478962105	25.68	7902.11	3.29562	7901.52	2.4	7902	2.79881	7901.68	2.41039	7901.04	1.84666
1512478963147	25.67	7901.78	2.72845	7901.72	2.03142	7901.85	2.26738	7901.76	1.89912	7901.19	2.01544
1512478964257	25.69	7899.67	1.65831	7899.32	1.67631	7899.85	1.46322	7899.4	1.65831	7899.64	2.03436
1512478965284	25.67	7898.44	1.23603	7898.24	1.56205	7898.69	1.18213	7898.24	1.61452	7898.47	1.84291
1512478966309	25.68	7897.11	1.61589	7897.32	1.46401	7897.23	1.36344	7897.28	1.33915	7897.78	1.81553
1512478967334	25.68	7897	1.22474	7897.16	1.40475	7897.08	1.32045	7897	1.58114	7897.49	2.04155
1512478968368	25.68	7896.11	1.16667	7896.96	1.7195	7896.54	1.45002	7896.8	1.97906	7897.22	1.95445
1512478969394	25.68	7894.11	1.76383	7894.96	2.15019	7894.92	2.10006	7894.96	2.15019	7895.54	2.22425
1512478970397	25.67	7895.56	1.87824	7895.56	2.04287	7895.85	1.81871	7895.64	2.03879	7895.87	1.92808
1512478971446	25.68	7893.44	1.81046	7893.76	1.98494	7894	1.77951	7893.68	2.05589	7894.21	2.0838
1512478972471	25.68	7892.56	1.424	7892.88	1.81016	7893	1.63299	7892.88	2.06801	7893.48	2.10424
1512478973472	25.67	7891.44	1.50923	7892.2	1.91485	7891.92	1.60528	7891.96	1.83666	7892.5	2.02362
1512478974514	25.66	7891.22	2.10819	7891.88	2.16641	7891.77	2.35067	7891.96	2.20756	7892.5	1.99772
1512478975562	25.67	7890.33	2.12132	7891.24	2.22261	7891.08	2.4311	7891.24	2.29637	7891.7	1.90472
1512478976565	25.66	7890	1.22474	7890.68	1.99416	7890.54	1.8081	7890.6	1.95789	7890.93	1.98035
1512478977632	25.66	7893.22	1.85592	7893.8	2.41523	7893.31	2.28709	7893.56	2.43379	7892.9	2.30932
1512478978714	25.67	7889.33	2.12132	7890.4	2.21736	7890.31	2.49615	7890.52	2.16256	7890.87	2.05459
1512478979769	25.66	7889.67	1.73205	7890.04	1.67033	7890.08	1.84669	7890	1.68325	7889.85	1.92116
1512478980812	25.65	7886.67	2.06155	7887.4	2	7887	1.95789	7887.36	2.05913	7887.83	1.97558
1512478981840	25.65	7887.44	1.74005	7888.8	2.29129	7888	1.77951	7888.6	2.06155	7889.26	2.00198
1512478982847	25.66	7887.78	1.85592	7888.28	1.88237	7888.23	1.87767	7888.24	1.94251	7888.74	1.94122
1512478983964	25.66	7888.11	1.69148	7888.64	1.89033	7888.46	1.8081	7888.56	1.89473	7888.96	1.93066
1512478985005	25.66	7887.67	1.93649	7887.72	1.86011	7887.85	1.81871	7887.52	1.75879	7887.27	2.11639
1512478986034	25.65	7887.11	1.45297	7887.88	1.53623	7887.69	1.54837	7887.64	1.55134	7887.63	2.15165
1512478987153	25.65	7886.33	1.73205	7886.88	2.00666	7887.08	1.84669	7886.88	2.04776	7887.3	2.25713
1512478988173	25.64	7886.56	1.94365	7886.68	1.81934	7887	1.77951	7886.84	1.88591	7886.69	1.95968
1512478989201	25.65	7883.44	2.06828	7884.04	2.22636	7884	1.95789	7884.08	2.25315	7884.77	2.42008
1512478990250	25.65	7881.78	1.71594	7882.68	1.81934	7882	1.73205	7882.32	1.79629	7883.38	2.14528
1512478991252	25.65	7882.56	1.66667	7883.24	1.78606	7882.92	1.801	7883.08	1.95619	7883.47	2.04892
1512478992341	25.65	7884.11	1.69148	7884.32	1.77294	7884.38	1.50214	7884.24	1.73877	7884.19	1.90928
1512478993481	25.64	7883.33	1.73205	7884.2	2.10159	7883.85	1.62512	7883.96	1.83666	7883.69	2.16668
1512478994485	25.64	7882.56	1.66667	7883.24	1.96384	7883	1.73205	7883.12	1.96469	7883.3	2.06429
1512478995519	25.63	7882	2	7882.88	1.96469	7882.54	2.02548	7882.56	1.75784	7883.36	2.24343
1512478996607	25.63	7881.78	1.71594	7882.6	2.14087	7882.46	1.8081	7882.4	1.97906	7883.06	2.00828
1512478997611	25.64	7881.78	1.7873	7882.84	2.17332	7882.69	2.05688	7882.8	2.14087	7883.24	1.9251
1512478998745	25.64	7879.56	1.33333	7880.6	1.75594	7880.15	1.57301	7880.44	1.85023	7881.33	1.96908
1512479000078	25.63	7879.67	1.5	7880.76	1.80924	7880.31	1.93152	7880.52	1.71075	7880.94	1.9489
1512479001409	25.62	7881.56	2.00693	7882.6	2.12132	7882	2.3094	7882.24	2.0672	7882.64	2.22277
1512479002450	25.63	7881.11	1.69148	7881.32	1.65126	7881.31	1.4367	7881.48	1.68622	7881.62	1.88661
1512479003538	25.61	7879.78	1.85592	7880.04	1.74356	7880	1.68325	7880.08	1.77764	7880.81	2.21254
1512479004667	25.62	7881	1.58114	7881.92	1.99833	7881.54	1.61325	7881.8	1.70783	7882.6	1.9532
1512479005733	25.63	7878.78	1.30171	7879.92	1.63095	7879.31	1.37747	7879.72	1.45831	7880.6	1.93956
1512479006751	25.62	7881	2.39792	7880.32	1.97315	7880.92	2.13937	7880.16	2.0347	7879.72	1.82701
1512479007775	25.61	7877.78	1.64148	7878.48	2.04369	7878.46	2.10616	7878.48	1.98158	7878.63	1.90277
1512479008800	25.61	7879.33	2.06155	7879.6	1.95789	7879.46	1.8081	7879.4	1.97906	7879.27	1.96584
1512479009812	25.61	7878.56	2.00693	7878.64	2.25241	7878.92	1.801	7878.64	2.17715	7878.8	1.938
1512479010852	25.61	7879.33	1.22474	7879.6	1.93649	7879.54	1.33012	7879.56	1.70978	7879.78	1.95712
1512479011938	25.59	7878.33	1.65831	7878.76	1.96384	7878.62	1.50214	7878.76	1.85472	7879.14	2.00679
1512479013017	25.59	7881.56	1.81046	7882.88	1.98578	7882.31	2.25036	7882.52	2.0025	7881.67	2.19704
1512479014098	25.58	7881.22	1.98606	7881.68	1.7253	7881.69	1.97419	7881.44	1.73397	7880.68	2.07927
1512479015185	25.58	7881.44	2.18581	7881.56	1.68523	7881.62	1.85016	7881.4	1.77951	7882.11	2.02265
1512479016233	25.57	7881.78	1.64148	7881.6	2	7882.15	1.51911	7881.8	1.89297	7881.77	1.80928
1512479017355	25.58	7882.78	1.30171	7883.12	1.87794	7883.23	1.58923	7883.04	2.00998	7882.6	2.02649
1512479018373	25.57	7881.11	2.02759	7881.72	2.09205	7881.77	1.96443	7881.8	2.02073	7881.45	2.03841
1512479019427	25.58	7879.67	1.5	7880.56	1.66032	7880.23	1.73944	7880.44	1.52971	7880.37	1.94304
1512479020453	25.57	7880.33	1.58114	7880.76	1.5885	7880.54	1.5064	7880.68	1.6	7880.39	2.09893
1512479021580	25.57	7880.22	1.71594	7880.52	1.93907	7880.54	1.5064	7880.48	2.0025	7880.82	2.17784
1512479022590	25.58	7878.89	1.16667	7879.36	1.60416	7879.08	1.18754	7879.16	1.57268	7879.35	1.95755
1512479023623	25.58	7879.33	2	7879.84	1.88591	7879.85	1.86396	7879.92	1.97737	7879.51	2.03132
1512479024642	25.58	7878.89	1.69148	7879.52	1.68622	7879.31	1.60128	7879.6	1.75594	7879.53	2.00012
1512479025645	25.57	7879.22	1.56347	7879.88	1.69115	7879.85	1.72463	7880.12	2.10792	7880.01	2.00909
1512479026692	25.57	7879.11	2.02759	7879.56	2.10317	7879.38	1.85016	7879.68	2.21209	7880.77	2.31387
1512479027719	25.57	7877.78	1.20185	7878.72	1.92614	7878.31	1.54837	7878.68	2.05589	7879.65	2.13324
1512479028760	25.56	7879.22	2.04803	7879.68	1.95192	7879.46	2.06621	7879.44	1.91659	7880.24	2.03234
1512479029798	25.55	7879.89	2.08833	7879.84	2.0347	7880.23	1.96443	7880	2.08167	7880.07	2.05521
1512479030839	25.56	7881.11	2.47207	7880.64	2.2151	7881.23	2.20431	7880.92	2.1	7880.42	1.95943
1512479031847	25.57	7879.22	1.71594	7880.04	1.88149	7879.62	2.02231	7880.04	1.92527	7879.95	1.9877
1512479032993	25.57	7880.44	2.12786	7880.04	2.22636	7880.31	2.21302	7880.16	2.2301	7879.96	1.97862
1512479034006	25.57	7879.44	1.424	7879.52	1.29486	7879.62	1.38675	7879.56	1.29357	7879.51	1.70205
1512479035012	25.56	7878.67	1.65831	7879.6	1.91485	7879.23	1.87767	7879.32	1.90875	7879.4	2.0416
1512479036037	25.56	7878.67	1.73205	7879.4	1.75594	7879.15	1.86396	7879.4	1.75594	7879.62	1.93298
1512479037092	25.56	7877.89	2.47207	7878.32	1.99416	7878	2.41523	7878.32	2.05589	7878.83	2.20718
1512479038138	25.56	7876.67	2.64575	7877.16	1.99332	7877	2.34521	7877.04	1.96808	7877.71	2.04347
1512479039166	25.56	7876.33	2.5	7877.2	2.16025	7876.77	2.38586	7876.96	2.07123	7877.5	1.98201
1512479040215	25.56	7877.78	2.63523	7878.28	2.28254	7878.23	2.61896	7878.28	2.17025	7877.97	1.95764
1512479041390	25.56	7877.22	2.43812	7877.44	2.04287	7877.62	2.29269	7877.44	1.98074	7877.33	1.9478
1512479042435	25.56	7878.22	1.64148	7879.04	2.541	7878.62	1.55662	7878.52	2.2383	7878.54	2.30935
1512479043446	25.55	7877.44	1.66667	7878.2	2.10159	7877.85	1.57301	7877.72	1.94765	7877.97	1.93497
1512479044495	25.55	7878	1.93649	7878.24	2.14631	7878.15	1.86396	7878.24	2.14631	7878.23	1.9559
1512479045496	25.55	7877.56	1.81046	7878.2	1.84842	7878	1.77951	7878.24	1.83212	7878.6	1.82614
1512479046597	25.56	7881	2.12132	7880.36	2.51462	7881.38	2.14237	7880.4	2.66145	7879.44	2.26335
1512479047669	25.57	7878.11	1.61589	7878.28	1.64621	7878.54	1.5064	7878.04	1.6452	7877.73	1.98692
1512479048688	25.55	7874.78	1.7873	7875.4	2.17945	7875.23	2.08782	7875.16	2.19241	7875.82	2.25538
1512479049738	25.55	7875.44	1.94365	7876.4	2.29129	7876.08	2.21591	7876.16	2.26716	7876.23	1.99284
1512479050764	25.55	7875.22	1.64148	7876.28	2.11187	7876	2	7875.8	1.93649	7876.07	1.86822
1512479051789	25.54	7877	1.80278	7877	1.91485	7877.38	1.66024	7876.96	1.85921	7877.26	1.97316
1512479052791	25.55	7877.22	1.7873	7877.84	2.0347	7877.62	2.18092	7877.48	1.93907	7877.53	2.1747
1512479053826	25.55	7878.22	1.7873	7878.32	2.32236	7878.38	1.7097	7878.04	1.96808	7877.89	2.09005
1512479054857	25.54	7876	1.41421	7876.52	1.98158	7876.46	1.45002	7876.36	1.65529	7876.64	2.00563
1512479055883	25.55	7875.78	1.64148	7875.84	1.72434	7875.92	1.44115	7875.64	1.49666	7876.11	1.98787
1512479056908	25.55	7876.78	2.10819	7876.36	1.89033	7876.62	1.89466	7876.44	1.91659	7876.71	2.04092
1512479057952	25.55	7878.33	2.34521	7878.2	2.23607	7878.15	2.44425	7878.16	2.30362	7878.48	2.15323
1512479058996	25.55	7878.67	1.93649	7878.4	2.06155	7878.46	2.18386	7878.28	2.15097	7878.32	1.91991
1512479060086	25.54	7880.33	2.64575	7878.72	2.716	7879.77	2.48843	7878.72	2.79165	7878.05	2.07851
1512479061109	25.54	7879.11	1.83333	7878.32	2.19317	7878.92	1.5525	7878.4	2.27303	7878.28	2.00636
1512479062169	25.55	7877.44	1.33333	7877.96	1.79072	7878	1.47196	7877.96	1.96808	7878.55	2.03828
1512479063177	25.54	7876.67	2.39792	7877.92	2.59679	7877.08	2.13937	7877.48	2.14321	7878.84	2.22596
1512479064198	25.55	7876.89	1.53659	7877.16	1.72434	7876.85	1.40512	7876.84	1.54596	7877.6	1.89637
1512479065275	25.54	7876.89	1.45297	7877.52	1.78232	7877.15	1.28103	7877.4	1.58114	7877.86	1.96217
1512479066352	25.55	7876.56	1.424	7877.04	1.96808	7876.85	1.28103	7876.96	1.79072	7877.5	1.88504
1512479067456	25.54	7876.56	1.424	7877.04	1.96808	7876.85	1.28103	7876.96	1.79072	7877.5	1.88504
1512479068479	25.54	7876.56	1.424	7877.04	1.96808	7876.85	1.28103	7876.96	1.79072	7877.5	1.88504
1512479072261	25.35	7849.56	2.35112	7847.96	2.47454	7849.38	1.98068	7848.52	2.12368	7847.66	2.6901
1512479073338	25.41	7834.11	1.69148	7834.92	2.27156	7834.54	1.76141	7834.8	2.25462	7836.25	2.52494
1512479074390	25.42	7832.78	1.85592	7832.24	2.08726	7832.62	1.89466	7832.16	1.90788	7832.8	1.889
1512479075514	25.44	7833.67	1.93649	7833.48	1.8735	7833.85	1.77229	7833.48	2.06398	7833.45	2.16948
1512479076540	25.47	7836.33	2	7835.8	1.91485	7836.46	1.85362	7835.84	2.0347	7835.99	2.31163
1512479077581	25.49	7837.56	1.74005	7836.72	1.88237	7837.46	1.71345	7836.48	1.96044	7836.32	2.34934
1512479078630	25.51	7837.78	1.09291	7837.52	1.8735	7837.77	1.23517	7837.24	1.76257	7837.45	2.14291
1512479079671	25.52	7843.11	1.69148	7842.56	1.78139	7843.15	1.40512	7842.48	1.75879	7842.35	2.44709
1512479080693	25.53	7841.56	2.55495	7841.36	2.39583	7841.62	2.14237	7841.12	2.27889	7842.32	2.48298
1512479081718	25.53	7842.33	1.65831	7841.8	1.95789	7842.38	1.60927	7841.72	1.86011	7842.3	2.33471
1512479082728	25.55	7842.67	1.93649	7842.48	2.0025	7842.77	1.64083	7842.16	1.65025	7842.44	2.07862
1512479083839	25.56	7842.89	2.26078	7843.08	2.05994	7843.15	1.99358	7842.6	2.02073	7842.5	2.10189
1512479084876	25.57	7844.44	1.23603	7844.28	1.56844	7844.15	1.46322	7843.92	1.80093	7844.1	2.27661
1512479085902	25.58	7843.89	2.52212	7844.12	2.35089	7844	2.44949	7844.08	2.08006	7844.88	2.39685
1512479086926	25.58	7847.11	2.26078	7845.96	2.68452	7846.92	2.21591	7846	2.51661	7845.41	2.37263
1512479088040	25.59	7845.89	2.66667	7845.12	2.36854	7845.77	2.48843	7845.24	2.22261	7845.61	2.20803
1512479089083	25.59	7844	2.54951	7843.52	2.32952	7844.08	2.56455	7843.76	2.12681	7844.06	2.30982
1512479090128	25.62	7843.89	2.57121	7843.8	2.16025	7844.15	2.54448	7843.72	2.05183	7843.78	2.21197
1512479091197	25.61	7845.22	3.03223	7845.16	2.49466	7845.38	2.75495	7845.12	2.42074	7844.4	2.2085
1512479092285	25.63	7843	2.73861	7842.56	2.18098	7843.08	2.46514	7842.72	2.11187	7842.66	1.88667
1512479093334	25.62	7842.67	2.34521	7841.84	2.49466	7842.77	2.55453	7841.96	2.22636	7841.97	2.05506
1512479094359	25.63	7842	2.64575	7841.28	2.05183	7842	2.27303	7841.28	2.0108	7840.93	2.1372
1512479095384	25.63	7839.11	2.42097	7839.24	1.85472	7839.31	2.17503	7839.24	1.96384	7839.93	2.0628
1512479096411	25.63	7838.78	1.92209	7838.76	1.66533	7839	1.73205	7839	1.41421	7839.16	1.90577
1512479097501	25.64	7837.33	2.34521	7837.24	1.83212	7837.54	2.14536	7837.32	1.77294	7837.69	1.99654
1512479098556	25.64	7836.22	2.10819	7836.4	1.70783	7836.23	1.7867	7836.08	1.6052	7837.25	2.16994
1512479099577	25.64	7836.11	2.42097	7836.24	2.36784	7836.31	2.17503	7835.96	2.22636	7836.16	2.42313
1512479100591	25.64	7835.89	2.20479	7835.68	2.09603	7835.92	1.93484	7835.64	1.823	7835.59	2.05249
1512479101625	25.64	7837.89	2.57121	7837.28	2.17025	7837.77	2.42053	7837.28	2.31876	7837.18	2.22281
1512479102740	25.64	7836.56	2.45515	7835.8	2.14087	7836.46	2.40192	7835.76	2.14631	7835.65	2.2194
1512479103769	25.64	7835.11	1.96497	7834.76	1.92094	7835.31	1.84321	7834.8	1.75594	7835.15	2.25998
1512479104792	25.64	7834.44	1.50923	7834.48	1.61038	7834.92	1.60528	7834.56	1.58325	7834.87	2.16958
1512479105831	25.65	7832.78	1.7873	7832.68	1.7253	7833.08	1.70595	7832.68	1.62583	7832.73	2.13111
