Timetstamp	FPA	C9	Sigma	C25	Sigma	D13	Sigma	D25	Sigma	R8	Sigma
1512561084488	22.95	7887.22	1.48137	7887.44	1.50222	7887.62	1.38675	7887.44	1.55671	7888.15	2.66921
1512561085513	23.02	7884.56	1.94365	7884.08	2.03961	7884.69	1.75046	7884.4	1.95789	7884.41	2.59874
1512561086563	23.09	7877.11	2.97676	7877.6	2.69258	7877.69	2.81024	7877.36	2.87054	7877.92	2.96668
1512561087589	23.16	7874.67	2.06155	7874.84	2.11503	7875.31	2.13638	7874.4	2.14087	7874.03	2.62977
1512561088593	23.23	7871.78	2.3863	7871.92	2.30796	7872.31	2.32324	7871.6	2.34521	7870.82	2.52761
1512561089677	23.29	7864.44	1.94365	7864.6	2.23607	7864.38	2.02231	7864.12	2.24202	7864.18	2.9244
1512561090753	23.34	7861.22	1.85592	7861.96	1.90351	7861.54	1.6641	7861.56	1.78139	7861.87	2.62377
1512561091833	23.41	7855.67	2.17945	7856.04	2.07123	7856.08	2.01914	7855.68	2.05589	7855.92	2.83456
1512561092943	23.47	7850.78	2.94863	7851.24	2.71232	7851.23	2.94827	7851.12	2.71293	7851.22	2.76833
1512561094071	23.51	7847.89	2.02759	7847.8	2.38048	7848.23	2.12736	7847.64	2.25241	7847.28	2.97112
1512561095102	23.55	7843.67	2.91548	7843.64	2.69072	7843.85	2.73393	7843.32	2.77969	7843.23	3.13413
1512561096128	23.6	7840.11	3.01846	7840.64	2.85599	7840.85	3.07804	7840.32	2.86822	7839.97	3.134
1512561097153	23.64	7836.11	2.61937	7836.6	2.73861	7836.77	2.71274	7836.2	2.79881	7836.02	3.1049
1512561098179	23.68	7833.22	2.33333	7833.24	2.45425	7833.62	2.53438	7832.84	2.49466	7832.2	2.77687
1512561099205	23.73	7829.78	2.77389	7829.56	2.43379	7830.15	2.37508	7829.44	2.43379	7828.79	2.77799
1512561100253	23.75	7828.56	2.87711	7828.32	2.46171	7829	2.48328	7828.32	2.39305	7827.53	2.84504
1512561101288	23.78	7824.22	2.53859	7824.44	2.755	7824.92	2.4311	7824.32	2.56125	7824.02	2.73571
1512561102329	23.83	7820.44	2.4037	7820.8	2.43242	7821.15	2.57702	7820.76	2.50466	7820.45	3.04975
1512561103353	23.85	7817.56	2.35112	7817.8	2.67706	7818	2.51661	7817.6	2.64575	7817.01	2.94036
1512561104489	23.88	7813.44	2.55495	7813.76	2.53772	7814.08	2.53185	7813.52	2.5186	7813.8	2.74348
1512561105587	23.92	7810.89	2.26078	7811.6	2.46644	7811.85	2.57702	7811.24	2.42006	7811.44	3.05127
1512561106660	23.95	7808.56	2.00693	7809.24	2.25979	7809.31	2.17503	7808.84	2.39235	7809.26	2.98217
1512561107669	23.98	7805.78	2.22361	7806.24	2.90517	7806.38	2.50128	7806	2.95804	7805.41	3.03681
1512561108701	24	7804.33	2.12132	7804.36	2.46441	7804.62	2.02231	7804.16	2.4097	7803.11	3.09798
1512561109803	24.02	7803.11	2.08833	7802.84	2.17332	7803.54	2.10616	7802.88	2.06801	7801.9	2.74159
1512561110813	24.06	7798.78	2.43812	7798.96	2.7	7799.46	2.3315	7798.88	2.4379	7798.11	2.94632
1512561111838	24.08	7796.22	2.10819	7797.12	2.57099	7797.23	2.5217	7796.84	2.4779	7796.63	3.28756
1512561112890	24.11	7793.11	2.08833	7794	2.34521	7793.85	2.37508	7793.72	2.22711	7793.64	3.06554
1512561113955	24.12	7791.89	1.2693	7792.4	2.44949	7792.85	2.0755	7792.2	2.21736	7791.17	2.98028
1512561115002	24.14	7790.67	1.58114	7791.08	2.59679	7791.54	2.06621	7790.84	2.30362	7790.34	2.95225
1512561116080	24.18	7788.44	2.00693	7788.6	2.04124	7788.85	1.77229	7788.4	1.87083	7787.89	2.84011
1512561117108	24.2	7786.22	2.27913	7786.24	2.29637	7786.54	2.02548	7785.92	2.25315	7785.53	3.11423
1512561118131	24.22	7783.22	2.99073	7783.24	2.86182	7783.77	2.91987	7783.04	2.79106	7782.88	3.15425
1512561119147	24.23	7780.78	2.22361	7781.16	2.15407	7781.46	2.25889	7781	2.14087	7780.34	3.26528
1512561120195	24.25	7781.11	2.52212	7780.76	2.52124	7781.62	2.46774	7780.72	2.50865	7780.16	3.0647
1512561121221	24.27	7777.44	2.651	7777.12	2.96254	7777.85	2.70327	7776.96	2.96479	7776.54	3.23544
1512561122253	24.29	7774.56	2.55495	7774.72	2.76164	7775	2.3094	7774.6	2.82843	7774.67	3.35315
1512561123429	24.31	7774.11	2.31541	7774.76	2.38537	7774.85	2.30384	7774.52	2.36502	7774.47	3.02251
1512561124488	24.33	7774.56	3.04594	7774.88	3.04576	7775.31	2.83974	7774.72	2.89425	7774.18	3.10129
1512561125513	24.34	7770.56	2.92024	7771.28	2.99333	7771.54	3.0988	7770.88	2.97658	7770.05	3.27759
1512561126540	24.36	7770.67	1.80278	7770.76	1.98494	7771.08	1.75412	7770.52	2.2383	7769.52	3.39588
1512561127569	24.37	7768.11	2.66667	7768.24	2.55408	7768.62	2.53438	7768.04	2.541	7767.15	3.68269
1512561128639	24.39	7767.44	2.50555	7767.84	2.46103	7768.23	2.42053	7767.32	2.59358	7766.43	3.41054
1512561129746	24.39	7765.22	1.98606	7765.56	2.41661	7766.08	2.13937	7765.48	2.21961	7764.69	3.36105
1512561130772	24.42	7763.44	1.5899	7763.64	2.17715	7764	1.58114	7763.64	2.05913	7763.01	3.49552
1512561131798	24.43	7763.56	1.81046	7763.4	2.19848	7763.85	1.62512	7763.24	2.33238	7762.39	3.51194
1512561132807	24.45	7762.22	2.04803	7761.92	2.19697	7762.54	1.8081	7761.84	2.30362	7761.08	3.43984
1512561133832	24.44	7761.78	2.10819	7761.16	2.4779	7762.15	1.86396	7761.04	2.49132	7760.08	3.35863
1512561134858	24.46	7760.33	2.17945	7760.36	2.23383	7760.85	1.99358	7760.08	2.37908	7759.57	3.19937
1512561136020	24.47	7758.56	2.45515	7758.52	2.64764	7759	2.16025	7758.4	2.61406	7758.07	3.40505
1512561137024	24.48	7757.11	2.31541	7756.92	2.75257	7757.77	2.16617	7757.08	2.69134	7756.52	3.6644
1512561138049	24.49	7756.11	2.66667	7755.68	2.65707	7756.54	2.3315	7755.68	2.73435	7754.53	3.31041
1512561139075	24.52	7755	2.23607	7754.4	2.92973	7755.23	2.04751	7754.48	2.67893	7753.87	3.28646
1512561140117	24.54	7753	2.29129	7752.72	2.65393	7753.08	2.13937	7752.48	2.56775	7752.05	3.19136
1512561141143	24.54	7750.44	2.35112	7750.68	2.85365	7751.08	2.36155	7750.56	2.67831	7750.84	3.47313
1512561142168	24.55	7750.89	2.08833	7751.12	2.72825	7751.54	2.25889	7750.92	2.62869	7749.76	3.31156
1512561143226	24.56	7749.56	2.00693	7749.72	2.7313	7750.38	2.18092	7749.6	2.5658	7749.03	3.2523
1512561144333	24.57	7748.22	1.98606	7748.6	2.82843	7749.15	2.40992	7748.52	2.84488	7748.33	3.2149
1512561145419	24.57	7746.89	2.02759	7747.04	2.93655	7747.77	2.55453	7747.12	2.72825	7747.63	3.35789
1512561146483	24.59	7746.78	2.22361	7747.68	2.89713	7747.85	2.79422	7747.32	2.8243	7747.55	3.51469
1512561147508	24.6	7748.67	2.23607	7748.6	2.64575	7749.15	2.19265	7748.12	2.53837	7748.21	3.25137
1512561148560	24.61	7746.11	2.14735	7746.72	2.68514	7746.85	2.30384	7746.32	2.64134	7746.23	3.33383
1512561149576	24.62	7745.67	2.17945	7745.96	2.35372	7746.31	2.17503	7745.72	2.35443	7745.07	3.16403
1512561150612	24.64	7745.78	2.53859	7745.68	2.98217	7746.31	2.68901	7745.48	2.70986	7744.67	3.33758
1512561151637	24.65	7745.56	2.35112	7745.28	2.33666	7745.69	2.05688	7745.04	2.20756	7744.48	3.1854
1512561152653	24.66	7744.11	3.05959	7744.44	2.88791	7744.62	2.84425	7744.28	2.82135	7743.08	3.33685
1512561153726	24.68	7743.11	2.14735	7743.32	2.54493	7743.69	2.13638	7743.16	2.35726	7743.12	3.43561
1512561154747	24.69	7742.22	2.33333	7742.6	2.38048	7742.69	2.32324	7742.24	2.36784	7741.95	3.3045
1512561155829	24.7	7741.78	2.58736	7741.4	3	7742.08	2.66025	7741.4	2.76887	7741.19	3.33954
1512561156914	24.71	7741.11	2.75882	7740.96	3.18172	7741.46	2.56955	7740.8	2.76887	7740.61	3.54442
1512561157941	24.72	7741	3.08221	7740.72	3.57678	7741.46	3.20456	7740.48	3.48951	7739.56	3.78142
1512561158967	24.73	7740.56	2.92024	7740.4	2.98608	7740.85	2.82389	7740	3.16228	7739.39	3.7556
1512561160258	24.76	7740	2.73861	7739.76	2.77308	7740.23	2.48843	7739.44	2.9023	7739.1	3.67928
1512561161297	24.76	7737.67	3.27872	7737.64	3.22594	7738.08	2.95696	7737.48	3.20312	7737.1	3.52161
1512561162327	24.78	7737.11	2.02759	7737.04	2.68452	7737.69	1.97419	7737	2.36291	7737.65	3.48362
1512561163330	24.79	7736.22	2.22361	7736	2.64575	7736.62	2.10311	7735.96	2.37136	7736.29	3.28646
1512561164500	24.79	7735.33	3.04138	7735.6	2.87228	7735.62	2.78503	7735.36	2.92803	7735.44	3.44861
1512561165530	24.8	7736.56	3.39526	7736.16	3.36254	7736.85	3.105	7736.12	3.12677	7735.64	3.5697
1512561166573	24.82	7735	2.64575	7734.96	3.07517	7735.62	2.59931	7735	2.81366	7735.25	3.64474
1512561167591	24.83	7735.22	2.3863	7735.12	2.50533	7735.38	2.14237	7734.84	2.5606	7734.8	3.55692
1512561168636	24.84	7733	2.73861	7733.88	2.72825	7733.62	2.56705	7733.52	2.66333	7734.18	3.37164
1512561169711	24.85	7732.67	2.23607	7733.28	2.6064	7733.08	2.13937	7733	2.59808	7733.24	3.43923
1512561170819	24.87	7733.44	2.06828	7734.2	3.17543	7733.92	2.2532	7733.8	3.05505	7734.03	3.3749
1512561171922	24.87	7733	2.5	7733.6	2.87228	7733.62	2.36426	7733.16	2.89655	7733.61	3.44304
1512561172938	24.88	7733.33	3.04138	7733.64	3.09408	7733.77	2.61896	7733.12	3.1927	7732.99	3.46936
1512561173947	24.9	7733	3.74166	7733.4	3.16228	7733.54	3.28165	7733.08	3.13475	7732.83	3.46011
1512561174982	24.91	7732.56	2.60342	7733.24	2.57034	7733.08	3.01279	7732.72	2.79165	7732.4	3.62462
1512561176023	24.92	7733	2.82843	7732.64	2.62805	7733.23	2.74329	7732.48	2.8006	7731.59	3.41019
1512561177156	24.94	7731.22	2.94863	7731.36	2.65957	7731.69	2.65784	7731.12	2.63502	7730.76	3.38467
1512561178188	24.94	7731	2.59808	7730.92	2.46509	7731.38	2.2188	7730.92	2.30796	7730.47	3.35107
1512561179215	24.95	7730.56	3.43188	7731.04	3.36006	7731.31	3.30113	7730.76	3.32014	7731.13	3.62555
1512561180217	24.95	7729.78	2.77389	7730.56	2.5671	7730.38	2.8148	7730	2.81366	7730.34	3.66247
1512561181246	24.97	7728.44	2.12786	7728.88	2.10792	7728.92	2.10006	7728.44	2.29274	7728.99	3.48059
1512561182286	24.97	7729	3.20156	7728.8	2.61406	7729.38	2.72453	7728.56	2.8	7728.7	3.72811
1512561183294	24.99	7729	3.57071	7729.6	3.20156	7729.62	3.40437	7729.08	3.49905	7729.22	3.6253
1512561184381	25	7728.67	3.31662	7729.52	3.0293	7729.46	3.33205	7729.16	3.03699	7728.44	3.50107
1512561185473	25.02	7727.33	2.91548	7728	3.06866	7728.08	3.04033	7727.76	3.11288	7728.03	3.72199
1512561186605	25.03	7726.67	2.82843	7726.36	3.06703	7726.85	2.60916	7726.2	3.08221	7726.42	3.6208
1512561187639	25.05	7727.44	2.83333	7727.44	3.29242	7727.46	2.72688	7727.2	3.21455	7726.83	3.52129
1512561188664	25.05	7726.44	3.00463	7725.92	3.13475	7726.62	2.63117	7726.08	2.82725	7725.63	3.59915
1512561189674	25.06	7725.56	2.83333	7725.2	3.20156	7725.77	2.74329	7725.28	2.95127	7725.12	3.6259
1512561190786	25.06	7727.78	2.90593	7727.2	2.91548	7728.08	2.69139	7727.28	2.79165	7726.43	3.5365
1512561191847	25.06	7727.22	2.33333	7727.24	2.86182	7728	2.61406	7727.24	2.77308	7726.73	3.55609
1512561192995	25.07	7726.67	3.1225	7727.04	2.96479	7727.08	3.27774	7726.72	3.22128	7726.63	3.76724
1512561194020	25.07	7728.33	2.91548	7728.68	2.74955	7729.08	2.78273	7728.56	2.93087	7727.66	3.97853
1512561195061	25.07	7728.44	2.35112	7728.56	2.78508	7729.08	2.326	7728.72	2.38956	7728.44	3.44861
1512561196117	25.08	7728	2.39792	7727.72	2.6064	7728.69	2.46254	7727.72	2.50865	7726.53	3.48511
1512561197211	25.09	7728.22	3.07318	7727.68	2.85365	7728.69	2.81024	7727.6	2.81366	7726.77	3.2977
1512561198237	25.11	7727.56	3.35824	7726.96	3.08869	7728.08	3.06761	7726.88	3.00444	7726.13	3.42156
1512561199296	25.12	7727.44	3.5746	7726.88	2.89137	7727.77	3.11325	7726.92	2.92859	7725.89	3.35
1512561200320	25.12	7724.56	3.12694	7724.52	2.91719	7724.92	2.98501	7724.32	2.86822	7723.83	3.52129
1512561201428	25.13	7724.89	2.93447	7725.08	2.61279	7725.15	2.60916	7724.68	2.71907	7723.76	3.5234
1512561202453	25.14	7723.33	2.87228	7723.84	2.83843	7724	3	7723.52	3.22903	7723.49	3.62014
1512561203465	25.15	7724.33	2.44949	7724.4	2.94392	7724.92	2.56455	7724.12	2.83314	7723.56	3.68949
1512561204532	25.16	7724	2.78388	7724	2.73861	7724.54	2.56955	7723.88	2.55473	7723.21	3.67586
1512561205610	25.16	7723.44	3.16667	7723.8	2.97209	7724.38	3.15009	7723.76	2.89079	7723.57	3.57167
1512561206653	25.16	7724.67	3.31662	7724.6	2.85774	7725.31	2.98286	7724.4	2.87228	7723.81	3.35199
1512561207696	25.17	7723.78	3.76755	7723.84	3.05068	7724.23	3.39494	7723.64	3.05341	7723.12	3.79625
1512561208774	25.18	7723.44	3.46811	7723.96	3.08869	7724.08	3.14806	7723.68	2.83901	7723.4	3.85038
1512561209861	25.18	7722.11	3.10018	7722.2	3.01386	7722.85	2.93956	7721.96	2.93655	7721.2	3.48995
1512561210887	25.19	7721.44	3.16667	7721.32	2.92575	7721.85	2.73393	7721.24	2.72764	7720.86	3.61653
1512561211964	25.19	7722.33	2.95804	7722.36	3.05341	7722.92	2.59684	7722.28	3.00721	7721.17	3.8424
1512561213036	25.2	7721.44	2.96273	7721.4	2.98608	7721.69	2.49615	7721.36	2.72152	7720.72	3.66919
1512561214077	25.22	7720.78	3.15348	7720.84	2.74894	7721.15	2.67227	7720.84	2.4779	7720.27	3.58817
1512561215085	25.22	7720.44	2.78887	7721	2.53311	7721.08	2.75262	7720.84	2.52784	7720.68	3.5503
1512561216140	25.24	7720.44	2.69774	7720.2	2.69258	7720.62	2.39925	7720.08	2.5318	7719.74	3.44378
1512561217252	25.23	7720.11	3.25747	7719.84	3.19739	7720.31	2.89783	7719.56	3.01496	7719.38	3.79651
1512561218493	25.24	7719.56	2.83333	7719.56	2.81484	7719.92	2.69139	7719.56	2.66271	7719.26	3.6236
1512561219531	25.25	7720.44	2.55495	7720.48	3.21611	7721	2.44949	7720.48	2.83019	7719.89	3.62048
1512561220574	25.25	7721.44	2.87711	7720.36	3.31512	7721.62	2.43374	7720.4	3.06866	7718.93	3.54739
1512561221599	25.26	7722	3.64005	7721.44	2.91662	7722.23	3.11325	7721.28	2.90861	7719.53	3.60128
1512561222611	25.25	7720	3.16228	7719.96	2.71539	7720.31	2.83974	7719.68	2.77969	7719.67	3.85464
1512561223634	25.27	7719.89	2.57121	7719.64	2.39583	7720.15	2.26738	7719.64	2.34307	7719.97	3.68401
1512561224674	25.28	7718.33	2.59808	7718.72	2.86531	7719.15	2.6409	7718.6	2.84312	7718.88	3.5831
1512561225715	25.28	7717.67	2.12132	7717.88	2.63502	7718.15	2.03495	7718	2.58199	7718.15	3.801
1512561226777	25.29	7717.78	1.98606	7717.96	2.24499	7718.31	1.93152	7717.72	2.26421	7717.43	3.59927
1512561227867	25.3	7717.67	3.5	7718.24	3.25679	7718.08	3.27774	7717.76	3.15278	7718.02	3.70804
1512561228893	25.3	7717.22	3.15348	7717.88	3.05941	7717.69	3.01066	7717.44	3.16333	7717.65	3.93571
1512561229918	25.32	7718.44	3.97213	7718.16	3.56698	7718.54	3.59665	7717.96	3.64555	7717.98	4.2056
1512561230996	25.32	7718.56	2.60342	7718.4	2.84312	7718.85	2.47811	7718.04	3.07517	7717.6	3.74755
1512561232008	25.34	7719.44	2.92024	7719.16	3.05068	7719.92	2.69139	7719.12	2.99054	7718.41	3.61193
1512561233109	25.34	7718.22	3.34581	7718.24	3.44335	7719	3.26599	7718.08	3.42685	7717.56	3.60948
1512561234158	25.37	7718.89	3.37062	7718.88	3.2573	7719.15	2.85325	7718.44	3.08329	7717.62	4.02038
1512561235258	25.36	7717.56	2.35112	7717.44	2.8589	7717.77	2.31495	7717	2.79881	7716.28	3.92036
1512561236312	25.37	7717.11	3.05959	7716.76	2.86182	7717.46	2.69615	7716.72	2.77669	7715.74	3.56745
1512561237325	25.38	7717.56	3.5746	7717.4	3.27872	7717.77	3.05924	7717.12	3.43171	7715.85	3.76105
1512561238351	25.38	7717.44	2.96273	7716.88	2.84781	7717.54	2.47034	7716.6	3.06866	7715.74	3.70636
1512561239388	25.39	7716	3	7716.16	2.99555	7716.38	2.75495	7715.72	3.10269	7715.14	3.88857
1512561240449	25.4	7713.56	2.96273	7713.8	3.1225	7713.92	2.69139	7713.36	3.13422	7713.74	3.79078
1512561241523	25.41	7714.89	2.848	7714.6	2.97209	7715.46	2.53691	7714.64	2.73679	7713.86	3.75501
1512561242556	25.4	7714.78	3.11359	7714.6	3.22749	7715.31	2.68901	7714.6	3.05505	7713.94	3.70977
1512561243578	25.41	7715	3.20156	7715.4	3.45205	7715.69	3.27579	7715.28	3.33567	7714.7	4.08514
1512561244628	25.42	7714.11	3.1798	7714.04	3.44577	7714.38	2.69377	7713.8	3.2532	7713.19	3.74116
1512561245653	25.43	7712.11	3.29562	7712.36	3.59258	7712.77	3.2953	7712.08	3.45109	7711.66	3.90074
1512561246671	25.44	7711.89	2.93447	7712.28	3.18224	7712.46	2.90446	7711.84	3.23625	7711.09	4.03597
1512561247680	25.44	7712.11	2.97676	7711.92	3.40245	7712.69	2.89783	7711.72	3.23419	7711.71	3.99984
1512561248734	25.43	7711.22	3.30824	7711.64	3.27719	7711.85	3.28751	7711.32	3.43657	7710.57	3.87386
1512561249792	25.44	7712	3.42783	7711.64	3.35261	7712.46	2.96129	7711.76	3.24397	7710.99	3.81949
1512561250887	25.47	7711	2.64575	7710.8	2.59808	7711.15	2.37508	7710.68	2.5285	7710.1	3.62997
1512561251913	25.45	7711.11	2.47207	7710.96	2.87924	7711.31	2.21302	7710.88	2.66646	7709.48	3.82848
1512561252967	25.45	7711.67	2.34521	7711.6	3.04138	7712.15	2.33973	7711.52	2.7556	7710.33	4.30889
1512561253975	25.45	7710.78	2.33333	7711.32	2.96816	7711.38	2.2188	7710.92	2.72213	7710.3	3.6786
1512561255040	25.45	7710.44	2.35112	7710.6	2.5658	7710.92	2.10006	7710.28	2.42418	7710.04	3.70787
1512561256047	25.47	7710.67	2.44949	7711	2.92973	7711.38	2.50128	7710.8	2.84312	7710.1	3.55458
1512561257090	25.47	7709.11	2.71314	7708.96	2.6533	7709.38	2.29269	7708.72	2.54165	7708.37	3.73531
1512561258164	25.47	7708	2.54951	7708.12	2.75862	7708.31	2.25036	7707.76	2.72764	7707.69	3.85071
1512561259214	25.48	7708.44	2.74368	7708.16	3.00943	7708.62	2.56705	7707.8	2.92973	7707.46	3.75136
1512561260238	25.49	7708.44	2.87711	7708.12	3.20572	7708.69	2.42846	7707.84	3.11823	7707.77	3.56378
1512561261277	25.49	7707.22	2.72845	7707.88	2.66646	7707.54	2.43637	7707.28	2.82135	7707.63	3.67911
1512561262328	25.49	7705.89	2.08833	7706.72	2.38956	7706.38	1.98068	7706.24	2.24128	7706.33	3.67454
1512561263406	25.5	7709.56	2.29734	7709.12	2.50533	7709.77	1.92154	7708.88	2.4379	7708.15	3.92418
1512561264432	25.5	7708.67	2.69258	7708.68	3.21092	7709.23	2.55453	7708.48	3.05669	7707.94	3.77931
1512561265458	25.5	7708.56	2.06828	7708.12	2.68204	7708.92	1.93484	7708.04	2.50799	7707.78	3.91369
1512561266464	25.51	7707.89	2.47207	7707.84	3.00943	7708.38	2.72453	7707.64	2.89943	7707.71	3.95795
1512561267536	25.51	7707.67	2.06155	7707.6	2.76887	7708	1.82574	7707.44	2.55082	7707.45	3.89556
1512561268579	25.51	7707.67	1.87083	7707.88	2.80357	7708.31	2.42846	7707.8	2.91548	7708.27	4.00549
1512561269675	25.52	7707.11	1.90029	7707.08	2.48193	7707.54	1.89804	7707	2.48328	7707.59	3.90835
1512561270716	25.52	7708.56	3.53946	7708.44	3.30505	7709.08	3.12147	7708.48	3.22903	7708.31	3.96295
1512561271742	25.53	7708.78	3.59784	7708.88	3.34564	7709.62	3.35506	7708.8	3.34166	7708.01	3.91644
1512561272752	25.53	7708.89	3.62093	7708.44	3.41663	7709.23	3.19254	7708.6	3.3541	7708.51	4.02482
1512561273805	25.54	7707.78	2.99073	7707.76	3.2311	7708.23	2.7735	7707.56	3.04248	7707.46	3.78448
1512561274831	25.54	7706.67	3.16228	7706.64	3.09408	7707.15	2.91108	7706.4	2.97209	7706.03	3.93291
1512561275845	25.55	7706.11	3.51584	7706.08	3.30303	7706.77	3.39494	7705.8	3.27872	7705.29	3.99071
1512561276918	25.55	7706.67	2.34521	7707.04	2.77609	7707.54	2.69615	7706.8	2.75379	7705.61	3.85416
1512561277925	25.56	7706	2.39792	7706.32	2.86822	7706.62	2.56705	7706.24	2.69691	7705.57	3.99434
1512561278981	25.56	7707.67	2.17945	7707.24	2.57034	7707.92	2.2532	7707.08	2.5482	7706.26	3.83482
1512561280070	25.56	7707.11	2.52212	7707.56	2.98719	7707.85	2.67227	7707.48	2.83019	7706.72	3.53472
1512561281086	25.57	7706.22	2.22361	7707.2	3.08221	7707.46	2.87563	7707.04	2.83549	7706.45	3.74985
1512561282162	25.57	7707	2.73861	7707	2.85774	7707.54	2.60177	7707	2.73861	7706.35	3.75814
1512561283207	25.58	7706.33	2.29129	7707.32	3.35062	7707.23	2.7735	7707.2	3.18852	7707.16	3.8279
1512561284213	25.58	7706.67	2.69258	7707.12	2.71293	7707.23	2.55453	7706.88	2.83314	7707.11	3.53663
1512561285304	25.58	7706.11	3.55121	7706.44	3.36749	7706.69	3.37601	7706.28	3.32315	7706.39	3.74295
1512561286339	25.59	7706.89	4.07567	7706.72	3.7027	7707	3.4641	7706.48	3.36799	7706.5	3.80532
1512561287367	25.61	7706.56	3.24465	7706.4	3.05505	7706.85	2.82389	7706.36	2.65957	7705.51	3.76403
1512561288370	25.62	7704.56	2.4037	7705.04	3.14219	7705.38	2.59931	7704.96	2.83549	7704.53	3.67146
1512561289391	25.63	7704	3.04138	7704.28	3.31059	7704.77	2.89119	7704.24	2.90517	7704.17	3.58287
1512561290444	25.62	7705.56	2.96273	7706.08	3.18748	7706.08	2.90004	7705.68	3.15859	7705.56	3.81442
1512561291452	25.64	7705.44	2.74368	7706	3.24037	7706	3.08221	7705.4	3.4641	7705.29	3.91295
1512561292504	25.64	7704	3.39116	7705.28	3.11609	7704.92	3.40249	7704.8	3.18852	7704.83	3.61375
1512561293509	25.64	7703.56	3.43188	7704	2.88675	7704.31	3.22451	7703.72	3.0485	7703.75	3.81613
1512561294518	25.65	7705	3.04138	7705.28	2.99333	7705.54	2.9893	7704.92	2.94279	7704.86	3.88589
1512561295545	25.64	7704.22	2.22361	7704.88	2.97658	7704.77	2.68185	7704.56	2.97321	7704.4	4.08023
1512561296630	25.65	7705.56	3.39526	7705.44	2.87344	7706.08	3.14806	7705.16	2.99555	7704.63	3.81959
1512561297725	25.65	7703.89	2.61937	7704.48	2.83019	7704.38	2.59931	7704.08	2.75257	7703.98	3.77833
1512561298735	25.65	7704.33	3.67423	7704.52	2.95973	7704.85	3.38738	7704.36	2.95635	7704.3	3.80253
1512561299764	25.66	7707.11	2.36878	7706.28	2.716	7707.08	2.53185	7706.08	2.6602	7705.32	3.77748
1512561300817	25.66	7706.11	2.47207	7705.88	3.04576	7706.46	2.36697	7705.84	2.80891	7704.81	3.77071
1512561301856	25.67	7705.44	2.87711	7705.12	3.37046	7706.08	2.81252	7705.16	3.02324	7704.4	3.71124
1512561302967	25.67	7706	3.1225	7706	3.7081	7706.46	2.96129	7705.76	3.44335	7704.84	3.95241
1512561304002	25.68	7705.11	2.71314	7705.52	3.08383	7705.69	2.68901	7705.4	2.88675	7705.39	3.95012
1512561305006	25.68	7705.67	3.27872	7705.88	3.47994	7706.38	3.15009	7705.76	3.32014	7705.3	3.89348
1512561306051	25.68	7705.89	3.05959	7705.72	2.96536	7706.08	2.92864	7705.64	2.81188	7705.49	3.80394
1512561307054	25.68	7706.11	3.29562	7705.56	3.40441	7706.15	3.31276	7705.36	3.38969	7705.35	3.97128
1512561308107	25.69	7706.11	3.29562	7705.4	3.40343	7706.46	3.0988	7705.44	3.21559	7705.21	3.57238
1512561309131	25.68	7705.22	3.38296	7704.96	3.39706	7705.62	3.12353	7705	3.10913	7705.01	3.90911
1512561310281	25.68	7705.78	2.33333	7705.72	3.24705	7706.62	2.78503	7705.76	2.86182	7705.03	3.51915
1512561311302	25.68	7707.22	2.72845	7707.12	2.94845	7707.46	2.81707	7706.64	2.87054	7705.78	3.76899
1512561312321	25.68	7707.56	2.69774	7707.84	3.23625	7708.15	3.02341	7707.48	3.13741	7707.6	3.63882
1512561313338	25.68	7707.44	2.55495	7707.92	3.01275	7708	2.73861	7707.44	3.01496	7707.31	3.56266
1512561314414	25.69	7707.11	2.80377	7706.96	3.02049	7707.62	2.78503	7706.6	2.91548	7706.42	3.76871
1512561315436	25.69	7706.67	2.73861	7706.64	3.0122	7707.15	2.67227	7706.6	2.82843	7706.06	3.62231
1512561316519	25.69	7707.78	3.11359	7707.8	3	7708.62	2.90225	7707.88	2.81839	7707.45	3.8472
1512561317603	25.69	7707.22	3.15348	7707.88	3.04576	7708.15	3.38738	7707.72	3.07571	7706.98	4.03433
1512561318630	25.7	7707.44	3.04594	7708.56	3.18957	7708.31	3.27579	7708.36	3.10752	7707.72	3.71184
1512561319637	25.7	7707	3.31662	7707.16	3.00943	7707.31	3.01066	7707.04	3.19479	7706.35	3.53092
1512561320640	25.71	7706	2.91548	7706.4	2.88675	7706.54	2.8465	7706.16	3.05068	7705.64	3.80264
1512561321641	25.71	7706.22	2.53859	7706.32	2.74955	7706.62	2.59931	7706.24	2.74287	7706.06	3.7655
1512561322666	25.72	7706	2.54951	7705.8	2.82843	7706.31	2.3939	7705.68	2.7037	7705.16	3.91534
1512561323692	25.74	7704.22	2.99073	7704.28	3.42199	7704.69	3.06552	7704.16	3.44819	7704.08	3.80835
1512561324718	25.74	7703.89	3.14024	7704.08	3.41467	7704.46	3.3817	7704.08	3.48712	7703.99	3.87566
1512561325759	25.75	7704.22	2.77389	7705.04	3.24654	7705.08	2.98501	7704.96	3.1289	7704.97	3.85128
1512561326801	25.74	7703.89	2.71314	7704.4	2.98608	7704.54	2.66506	7704.4	2.79881	7704.1	3.8092
1512561327824	25.74	7704	3.04138	7705.24	3.68872	7705	3.65148	7704.96	3.89957	7705	4.1508
1512561328865	25.75	7704.22	3.49205	7704.96	3.69098	7705.15	3.73823	7704.84	3.74922	7705.07	3.84666
1512561329874	25.76	7704.44	3.04594	7704.8	3.05505	7705.23	3.1399	7704.76	2.94788	7704.48	3.90522
1512561330888	25.76	7705.22	3.15348	7705.16	2.76405	7705.85	2.79422	7705.16	2.74894	7704.68	3.85146
1512561331914	25.76	7705.89	2.36878	7705.52	3.13741	7706.46	2.29548	7705.72	2.80654	7704.98	3.56919
1512561332924	25.76	7704.67	2.29129	7704.84	3.2104	7705.54	2.60177	7705.04	2.90803	7704.47	3.59545
1512561333948	25.77	7704.56	2.83333	7704.16	2.77909	7705	2.51661	7704.44	2.5671	7703.68	3.62434
1512561334974	25.77	7703.67	2.95804	7703.8	3.05505	7704.31	2.75029	7703.84	2.86764	7703.16	3.6865
1512561336000	25.77	7704.33	2.95804	7703.84	3.09139	7704.77	2.71274	7704	3.14907	7703.33	3.80568
1512561337026	25.77	7706.56	3.04594	7706.12	3.2573	7706.92	3.04033	7705.88	3.1	7704.48	4.02346
1512561338076	25.78	7705.22	3.15348	7705.6	3.31662	7705.85	3.1845	7705.36	3.36502	7704.81	3.73044
1512561339077	25.79	7704.33	3.42783	7704.52	3.15066	7704.85	3.26206	7704.28	3.20832	7704.09	3.79247
1512561340103	25.79	7704.11	3.33333	7703.72	3.39755	7704.54	2.96129	7703.68	3.09192	7703.03	3.8628
1512561341158	25.79	7703.11	3.4801	7703.4	3.14907	7703.69	3.19856	7703.28	3.0348	7702.79	3.73309
1512561342207	25.8	7704.56	3.6094	7704.92	3.40245	7704.77	3.49175	7704.72	3.39755	7704.26	3.88877
1512561343321	25.8	7703	4	7703.12	3.52751	7703.15	3.84808	7703.12	3.52751	7702.69	3.9071
1512561344372	25.81	7702.67	4.03113	7702.8	3.40343	7702.85	3.76046	7702.72	3.49428	7702.24	3.90582
1512561345393	25.81	7701.56	4.03457	7702	3.61709	7702	3.78594	7701.64	3.43851	7700.79	3.88085
1512561346496	25.81	7701.33	3.80789	7701.44	3.57165	7701.92	3.49908	7701.52	3.47755	7700.79	3.89692
1512561347527	25.81	7701.33	3.5	7701.48	3.15066	7701.92	3.25222	7701.4	2.92973	7701.16	3.91579
1512561348536	25.82	7703.78	2.68225	7703.72	3.14272	7704.23	3.21854	7703.28	3.33567	7702.04	3.8322
1512561349562	25.81	7703.11	2.66667	7703.56	2.97321	7703.62	3.25419	7703.32	3.00998	7702.69	3.72978
1512561350688	25.81	7706.44	3.5746	7705.48	3.33067	7706.69	3.01066	7705.72	3.06213	7703.81	4.02032
1512561351730	25.82	7703.78	3.49205	7703.48	2.93144	7704	2.94392	7703.36	2.87054	7702.42	3.85219
1512561352752	25.84	7703.56	3.04594	7703.04	2.66896	7703.85	2.67227	7703.12	2.61916	7702.49	3.53127
1512561353778	25.83	7703.22	3.38296	7702.56	2.98719	7703.46	2.9893	7702.44	3.06974	7701.37	3.66653
1512561354874	25.84	7702.33	3.57071	7702.16	3.33766	7702.69	3.25025	7702.08	3.39018	7701.53	3.87976
1512561355970	25.83	7704.11	2.36878	7703.44	2.51794	7704.54	2.22169	7703.64	2.2891	7702.76	3.84534
1512561357016	25.84	7702.67	2.82843	7702.44	2.91662	7703.08	2.46514	7702.6	2.69258	7701.5	3.80395
1512561358042	25.85	7701.44	3.24465	7701.36	3.09408	7701.92	2.87117	7701.36	2.82666	7700.48	3.70261
1512561359049	25.85	7701.56	3.08671	7701.28	3.12943	7702.08	2.90004	7701.2	3.10913	7700.7	3.72951
1512561360062	25.85	7702.56	3.35824	7701.36	3.25167	7702.69	2.89783	7701.44	2.8589	7700.24	3.73959
1512561361079	25.85	7701.22	3.07318	7700.76	3.5623	7701.62	3.22848	7700.8	3.17543	7699.92	3.917
1512561362211	25.86	7701.89	3.01846	7701.48	3.01552	7702.31	2.98286	7701.48	2.88848	7700.52	3.68145
1512561363368	25.86	7699.89	2.75882	7700	3.06866	7700.38	2.72453	7699.92	2.94279	7699.67	3.92935
1512561364415	25.86	7700.67	2.69258	7700.36	2.72152	7701.08	2.46514	7700.28	2.66958	7699.11	3.71476
1512561365431	25.88	7701.44	3.50397	7700.92	2.9	7701.62	2.98715	7700.72	2.93712	7699.87	3.89076
1512561366444	25.86	7700	3.42783	7699.6	2.90115	7700.31	2.98286	7699.4	2.82843	7698.38	3.64551
1512561367470	25.88	7698.89	3.1798	7698.76	3.1791	7699	2.82843	7698.68	3.11876	7698.29	3.91162
1512561368495	25.88	7698.22	3.52767	7698.24	3.35758	7698.62	3.09673	7697.96	3.31009	7698.66	3.81706
1512561369563	25.86	7700.89	3.21887	7700.44	3.4288	7700.85	3.1845	7700.08	3.35311	7699.99	3.89443
1512561370660	25.88	7699.11	3.95109	7698.72	3.49428	7699.23	3.58594	7698.36	3.54589	7698.25	4.18987
1512561371699	25.88	7699.78	2.99073	7699.36	3.03974	7700.08	2.69139	7699.16	3.13156	7698.89	3.97565
1512561372756	25.88	7701.44	2.96273	7701.28	3.15595	7702.15	2.76424	7701.2	3.04138	7700.04	3.92557
1512561373773	25.88	7700.33	3.08221	7700.04	3.24654	7701	2.79881	7699.92	3.12143	7699.55	3.79403
1512561374861	25.9	7699.78	2.04803	7700.12	2.77369	7700.54	2.25889	7700.28	2.45832	7700.86	4.15784
1512561375913	25.9	7703	3.1225	7702.36	3.03974	7703.38	2.72453	7702.36	3.10752	7701.31	4.04722
1512561376941	25.9	7700.33	3.57071	7700.44	3.2414	7701.15	3.26206	7700.2	3.16228	7700.07	3.85014
1512561378068	25.9	7699.33	3.4641	7699.44	3.3551	7700.15	3.1845	7698.96	3.25935	7699.02	3.91838
1512561379102	25.91	7700.67	2.87228	7699.96	3.08869	7700.77	3.00427	7699.84	2.98161	7699.5	3.86238
1512561380119	25.9	7700.44	3.32081	7700.28	2.76164	7700.69	3.01066	7700.08	2.76767	7699.89	4.03855
1512561381144	25.9	7698.44	3.71184	7697.88	3.47994	7698.38	3.20256	7697.8	3.18852	7698.23	4.06234
1512561382157	25.91	7698	3.74166	7698.48	4.03237	7698.54	3.8862	7698.2	3.89444	7698.41	4.11214
1512561383195	25.91	7697.56	3.67801	7698.12	3.68917	7698.23	3.85473	7697.84	3.47227	7697.5	3.97141
1512561384227	25.92	7698.89	3.25747	7698.92	3.12143	7699.46	3.01705	7698.96	2.83549	7698.02	3.78659
1512561385247	25.92	7696.67	3.24037	7697.16	3.19739	7697.54	3.12558	7697.04	3.11555	7696.54	3.77069
1512561386273	25.92	7697.56	2.92024	7697.44	3.05614	7698.15	2.96778	7697.36	2.85599	7696.52	3.85015
1512561387298	25.92	7696.56	3.32081	7697.16	3.36254	7697.31	3.35123	7696.72	3.14272	7696.31	3.70456
1512561388436	25.91	7698.89	3.10018	7698.84	3.13156	7699.38	3.12353	7698.52	3.16386	7697.07	3.73757
1512561389442	25.92	7699.56	3.24465	7699.12	2.96254	7699.62	2.8734	7698.92	2.94279	7697.95	3.68314
1512561390489	25.92	7697	3.937	7697.92	3.54636	7697.77	3.89773	7697.72	3.43414	7697.06	3.83735
1512561391525	25.93	7696.33	4.03113	7697.16	3.63639	7697.15	3.69338	7696.96	3.34764	7696.31	3.64932
1512561392541	25.93	7696	4.06202	7696.16	3.51994	7696.69	3.56802	7696.24	3.33267	7695.68	3.75952
1512561393562	25.94	7696.89	3.40751	7696.52	3.41711	7697.15	3.07804	7696.56	3.16333	7695.91	3.77457
1512561394601	25.94	7695.44	2.78887	7695.8	3.40343	7696.08	3.01279	7695.68	3.17175	7694.97	3.85064
1512561395627	25.94	7694.56	3.12694	7694.48	3.52515	7695.31	2.86893	7694.4	3.31662	7693.68	3.91825
1512561396643	25.95	7696.11	2.66667	7696.12	3.12677	7696.69	2.83974	7695.88	2.99054	7694.79	3.52942
1512561397653	25.94	7695	2.5	7695.36	3.27719	7695.77	3.00427	7695.12	3.17962	7694.25	3.61893
1512561398706	25.95	7697.89	3.05959	7696.72	3.82448	7698.46	3.12558	7696.72	3.73631	7695.33	3.84087
1512561399721	25.95	7697.67	2.95804	7696.64	3.026	7697.92	2.72218	7696.56	3.02875	7695.47	3.74311
1512561400758	25.95	7699.22	2.27913	7698.72	2.89425	7699.69	2.13638	7698.6	2.58199	7697.15	3.92152
1512561401818	25.95	7694.67	3.20156	7694.72	3.74744	7695.31	3.37601	7694.6	3.41565	7694.18	3.7333
1512561402911	25.95	7695.44	3.24465	7695.04	3.14219	7695.85	2.99572	7694.92	3.14802	7694.2	3.84905
1512561403937	25.94	7696.89	3.51584	7696.72	3.40979	7697.46	3.17845	7696.84	3.22335	7695.62	3.78155
1512561404963	25.94	7698	3	7697.44	3.79781	7698.31	2.95479	7697.6	3.52373	7696.44	3.85517
1512561405999	25.96	7695.67	3.5	7695.52	3.93827	7696.08	3.6162	7695.28	3.93192	7694.74	3.81543
1512561407014	25.95	7695.44	2.74368	7695	3.3665	7695.85	2.67227	7695.04	3.10215	7694.87	3.85715
1512561408141	25.96	7696.44	3.71184	7696.48	3.64143	7697.23	3.63212	7696.36	3.52231	7695.28	3.98493
1512561409256	25.96	7695.11	2.66667	7695.08	3.37787	7695.92	2.90004	7695	3.2914	7694.17	4.04748
1512561410369	25.96	7693.33	2.06155	7693.68	3.09192	7694.15	2.88231	7693.6	2.97209	7693.45	3.50868
1512561411391	25.97	7695.11	2.71314	7694.44	3.02875	7695.38	2.50128	7694.48	2.81543	7693.57	3.72862
1512561412468	25.97	7693.67	2.23607	7693.56	2.66271	7694.23	2.35067	7693.56	2.29274	7693.03	3.61263
1512561413621	25.97	7693.67	2.44949	7693.44	3.2026	7694.31	2.65784	7693.56	2.97321	7692.59	3.76306
1512561414659	25.97	7694.44	2.92024	7694.64	3.43851	7695.15	3.13172	7694.32	3.23677	7694.02	3.96925
1512561415681	25.97	7693.56	3.24465	7693.84	3.6134	7694.31	3.5913	7693.44	3.52467	7693.39	3.88765
1512561416747	25.96	7695	3.53553	7694.16	3.80438	7695.46	3.35697	7694.08	3.66197	7693.19	3.79
1512561417759	25.97	7694.89	2.93447	7694.8	3.41565	7695.54	3.15213	7694.72	3.28532	7694.01	3.89309
1512561418783	25.97	7696.22	3.27024	7695.88	3.45591	7697.15	3.15822	7696	3.18852	7694.59	3.89233
1512561419807	25.97	7695.33	3.31662	7695.56	3.2026	7696.08	3.04033	7695.56	2.95917	7694.92	3.80777
1512561420831	25.98	7694.56	2.96273	7694.48	2.97377	7695.23	2.68185	7694.52	2.77068	7694.18	3.619
1512561421847	25.98	7694	3.4641	7694.64	3.18695	7694.69	3.22451	7694.12	3.1927	7693.96	3.71909
1512561422953	25.99	7694	2.95804	7693.84	2.9676	7694.38	2.75495	7693.64	2.95635	7693.51	3.71668
1512561424007	25.99	7695.44	3.12694	7695	3.1225	7696.15	2.96778	7694.92	3.06757	7693.99	3.78317
1512561425052	25.99	7694.11	3.10018	7693.64	2.9844	7694.38	2.90225	7693.36	2.9844	7692.85	3.85454
1512561426145	26	7692.33	2.91548	7692.24	3.30757	7692.85	2.60916	7692.16	2.88213	7692.47	3.68275
1512561427678	26	7691.67	2.39792	7692.16	3.06431	7692.54	2.60177	7692.04	2.80595	7692.7	3.78358
1512561428764	26	7692.89	2.848	7693.28	2.93712	7693.46	2.93301	7693.24	2.78807	7692.74	3.90881
1512561429790	26	7694.67	3.04138	7694.36	2.97041	7695.15	2.70327	7694.36	2.84136	7694.16	3.45608
1512561430826	25.99	7694	2.73861	7693.92	2.78268	7694.54	2.60177	7693.92	2.67582	7693.51	3.63592
1512561431858	25.99	7694.33	3.4641	7694.76	3.60879	7694.92	3.17442	7694.52	3.47755	7694.04	3.91024
1512561432883	26	7695.22	2.48886	7695.12	2.94845	7695.54	2.29548	7694.92	2.79762	7694.38	3.85115
1512561433909	26	7694.22	2.58736	7694	2.98608	7694.38	2.59931	7693.96	2.89367	7693.2	3.7229
1512561434934	26.02	7693.78	2.53859	7693.76	2.83255	7694.23	2.65059	7693.84	2.54427	7693.33	3.66343
1512561435961	26	7694.22	2.63523	7693.8	3.27872	7694.46	2.50384	7693.84	2.95353	7693.22	3.92602
1512561437115	25.99	7694.67	3.84057	7694.16	3.74922	7695	3.3665	7694.32	3.52042	7693.64	3.80283
1512561438237	26.02	7695.67	2.23607	7694.88	3.03205	7695.92	1.93484	7695.04	2.66896	7693.69	3.79099
1512561439278	26	7696.56	3.00463	7695.6	3.0957	7696.77	2.74329	7695.88	2.78867	7695.08	4.02122
1512561440329	26	7694.56	3.32081	7693	3.85141	7694.38	3.04243	7693.16	3.39951	7692.97	4.02652
1512561441393	26.02	7693.44	3.53946	7693.08	3.37787	7693.92	3.17442	7693.12	2.99054	7692.07	3.79074
1512561442450	26.02	7693.22	2.72845	7693.12	3.1	7693.92	2.66025	7693.2	2.76887	7692.2	3.73645
1512561443526	26	7694.22	2.68225	7693.72	2.90861	7695	2.61406	7693.8	2.72336	7692.78	3.89234
1512561444621	26	7693.33	2.95804	7693.28	3.10269	7694.15	3.02341	7693.36	2.94222	7692.39	3.95933
1512561445647	26.02	7693.22	2.86259	7692.96	3.23368	7693.77	3.11325	7693	3.01386	7691.9	3.88636
1512561446672	26.02	7693.44	3.6094	7693.36	4.10163	7693.69	3.83807	7693.08	3.95727	7692.37	3.88163
1512561447698	26.03	7693.56	2.92024	7692.8	3.52373	7693.85	2.88231	7692.88	3.20572	7691.95	3.70288
1512561448710	26.02	7692.67	2.59808	7692.16	3.07788	7693	2.44949	7692.16	2.70308	7691.68	3.82816
1512561449715	26.03	7693.33	2.91548	7692.72	3.36056	7693.85	2.73393	7692.96	3.03425	7692.38	3.74279
1512561450760	26.02	7693.22	2.68225	7692.72	3.49428	7693.77	2.7735	7692.8	3.14907	7692.52	3.7334
1512561451801	26.02	7694.44	3.08671	7694.04	3.28481	7695.15	3.105	7694.08	2.99889	7693.15	3.6968
1512561452826	26.03	7693.33	3	7693	3.58236	7694	3.13581	7693.16	3.28735	7692.24	3.6725
1512561453865	26.03	7693.33	2.54951	7692.8	2.95804	7693.62	2.29269	7692.84	2.68763	7691.99	3.62787
1512561454987	26.04	7692.44	2.55495	7692.68	3.23677	7693	2.85774	7692.52	3.04302	7691.81	3.6907
1512561456001	26.04	7691	2.91548	7691.4	3.13581	7691.92	3.14806	7691.36	2.9844	7690.99	3.64862
1512561457027	26.05	7691.44	3.08671	7691.4	3.39116	7692	3.18852	7691.28	3.12943	7690.69	3.75206
1512561458117	26.03	7691.44	2.92024	7691	3.16228	7692.15	2.79422	7691.16	3.03699	7690.91	3.66821
1512561459128	26.03	7691.44	3.2059	7690.8	3.21455	7691.85	2.79422	7690.88	3.11341	7690.79	3.92223
1512561460137	26.04	7692.44	3.04594	7692	3.32916	7692.85	2.82389	7692.04	3.22077	7690.91	3.93854
1512561461154	26.05	7692	2.54951	7691.68	3.02379	7692.85	2.73393	7691.88	2.87692	7691.7	3.90123
1512561462179	26.04	7691.33	2.69258	7691.28	2.9229	7691.85	2.6409	7691.04	2.74591	7690.3	3.71832
1512561463294	26.04	7690	2.44949	7690.24	2.80297	7690.69	2.59437	7690.04	2.73069	7690.09	3.85162
1512561464336	26.05	7692.78	2.33333	7692.52	2.90287	7693.54	2.63361	7692.56	2.66271	7691.63	3.62941
1512561465362	26.04	7692.56	3.04594	7692.44	2.82961	7693.15	2.91108	7692.24	2.74287	7692.16	4.02553
1512561466432	26.04	7695.11	4.40013	7693.8	3.86221	7695.46	3.71069	7694.08	3.58143	7693.19	4.11166
1512561467445	26.04	7693.56	3.77859	7693.52	3.28024	7694.31	3.61443	7693.36	3.1209	7692.85	4.00432
1512561468537	26.05	7693.78	3.63242	7693.76	3.28228	7694.46	3.47887	7693.48	3.07029	7692.89	3.94276
1512561469710	26.06	7691.33	3.7081	7691.4	3.20156	7692.15	3.53191	7691.48	3.05669	7690.84	3.80653
1512561470765	26.05	7691.11	2.31541	7691.36	2.92803	7691.77	2.89119	7691.4	2.69258	7691.1	4.09721
1512561471889	26.06	7691.56	2.4037	7691.72	2.65393	7692.31	2.71982	7691.64	2.48126	7690.69	3.96663
1512561472895	26.06	7691.67	3.31662	7691.16	3.3126	7692.08	2.98501	7691.32	3.10537	7689.87	4.05592
1512561473921	26.05	7692.11	3.21887	7692.2	2.94392	7692.54	3.01705	7692.08	2.85657	7690.65	3.95024
1512561474955	26.06	7691	3.24037	7691.2	3.1225	7691.69	3.09259	7691	3.02765	7690.33	4.12738
1512561475992	26.06	7691.67	3.16228	7691.28	3.18224	7692.15	3.28751	7691.16	2.98161	7690.34	3.86565
1512561477015	26.06	7690.56	3.43188	7691	3.32916	7691.08	3.40249	7690.88	3.16649	7690.41	3.95867
1512561478111	26.05	7691.11	3.05959	7690.56	3.30505	7691.38	2.8734	7690.8	2.97209	7690.34	3.86161
1512561479137	26.06	7690	2.59808	7689.84	2.89655	7690.69	2.65784	7690.12	2.57099	7689.57	3.80194
1512561480273	26.07	7691.33	3.4641	7690.44	3.7314	7691.23	3.24432	7690.52	3.29292	7690.3	4.29399
1512561481316	26.07	7691	2.29129	7690.52	3.05669	7691.08	2.49872	7690.56	2.81484	7690.26	3.90214
1512561482342	26.07	7693	3.08221	7692.28	3.18224	7693	2.85774	7692.48	2.84488	7691.49	3.84886
1512561483409	26.06	7691.56	3.35824	7691.16	3.36254	7691.85	3.1845	7691.2	3.17543	7690.62	3.70924
1512561484508	26.07	7690.44	3.53946	7690.92	3.54636	7691.08	3.59308	7690.8	3.41565	7690.86	3.89793
1512561485533	26.08	7690.67	2.69258	7690.28	3.51805	7690.85	3.41189	7690.12	3.33317	7689.33	3.78647
1512561486559	26.07	7689.89	3.01846	7689.64	3.56931	7690.46	3.30695	7689.56	3.25423	7688.6	3.71811
1512561487585	26.07	7687.56	2.92024	7688.08	3.63914	7688.54	3.57341	7688	3.39116	7687.92	3.95592
1512561488612	26.07	7687.78	2.10819	7688.24	3.16596	7688.46	3.04454	7687.84	2.89655	7688.13	3.88625
1512561489636	26.06	7689.22	4.05518	7689	3.87298	7689.46	3.50275	7688.96	3.56464	7688.79	3.65698
1512561490645	26.08	7690.89	1.96497	7690.28	2.79165	7691.15	2.0755	7690.6	2.43242	7690.18	3.50643
1512561491672	26.07	7689.67	2.23607	7689.64	2.91376	7690.31	2.46254	7689.84	2.64071	7689.58	3.59771
1512561492713	26.09	7690	2.87228	7690.2	3.26599	7690.77	2.89119	7690.24	2.98998	7689.64	3.60579
1512561493747	26.08	7690.11	2.36878	7689.56	3.05614	7690.69	2.35884	7689.6	2.82843	7689.12	3.68291
1512561494782	26.09	7689	2.39792	7689.24	3.09946	7689.92	3.01279	7689.28	2.93712	7689.38	3.93808
1512561495801	26.09	7689.67	3.77492	7689.52	3.66424	7690.46	3.6427	7689.6	3.41565	7688.94	4.08838
1512561496846	26.1	7689.67	3.74166	7690.16	3.32516	7690.62	3.47703	7690.04	3.18172	7689.19	3.76103
1512561497853	26.08	7688.67	3.27872	7688.96	3.02049	7689.62	3.22848	7688.88	2.92005	7688.58	3.97191
1512561498866	26.09	7690.89	2.61937	7690.76	2.86182	7691.62	2.66266	7690.72	2.74651	7689.4	3.87734
1512561499876	26.1	7692	2.39792	7691.72	2.52521	7692.46	2.18386	7691.76	2.31445	7690.54	3.90376
1512561500902	26.08	7692.11	2.93447	7691.16	3.7045	7692.23	2.86222	7691.04	3.32265	7690.71	4.00244
1512561501944	26.1	7691.11	2.89156	7690.8	2.90115	7691.23	2.91987	7690.64	2.72152	7690.25	3.84502
1512561502978	26.1	7689.44	3.08671	7689.84	2.99555	7690.15	3.13172	7689.72	2.76164	7690.02	3.65359
1512561504007	26.11	7689.78	2.81859	7689.92	2.94279	7690.46	3.12558	7689.88	2.89137	7689.84	3.91978
1512561505049	26.11	7689.33	2.78388	7689.56	3.33017	7690.15	3.05085	7689.44	3.26701	7689.27	3.92773
1512561506079	26.11	7690.78	2.68225	7691.56	3.40441	7691.85	3.36269	7691.16	3.47227	7691.11	4.05271
1512561507106	26.1	7688.56	2.4037	7689.12	3.16649	7689.54	3.17845	7688.88	3.04576	7688.85	3.88905
1512561508107	26.1	7691.89	3.72305	7691.32	3.52042	7692.15	3.26206	7691.16	3.3	7690.22	3.83747
1512561509154	26.11	7690.11	3.14024	7690.24	3.21818	7690.85	3.4604	7689.92	3.06757	7689.61	3.91849
1512561510182	26.11	7691.78	2.58736	7692.32	3.55575	7692.77	3.37031	7691.92	3.47515	7690.48	3.88519
1512561511273	26.11	7690.22	2.27913	7690.76	3.47946	7691.15	3.28751	7690.6	3.08221	7690.06	3.76689
1512561512314	26.11	7691.22	2.10819	7690.88	2.93428	7691.85	2.82389	7691.24	2.57034	7689.95	4.01137
1512561513340	26.11	7689.44	1.87824	7689.72	3.18224	7690.31	3.30113	7689.84	3.00943	7689.59	3.93359
1512561514409	26.12	7690.78	2.90593	7690.72	3.12943	7691.54	3.28165	7690.76	2.90517	7689.82	3.79738
1512561515586	26.11	7692.89	3.55121	7692.16	3.42394	7693.15	3.4844	7692.32	3.09192	7692.31	3.78385
1512561516628	26.12	7690.78	2.63523	7690.96	3.54119	7691.46	3.20456	7690.76	3.30757	7690.64	4.12223
1512561517670	26.12	7691.44	3.04594	7691.32	3.52042	7691.85	3.4604	7691.24	3.30757	7691.28	3.88701
1512561518696	26.12	7692.67	2.23607	7691.72	2.80654	7692.85	2.30384	7691.8	2.5658	7690.79	3.82446
1512561519758	26.13	7690.44	3.08671	7690.52	3.38034	7690.92	3.37791	7690.28	3.29798	7689.66	4.00982
1512561520861	26.13	7691.56	2.74368	7691.16	2.73374	7692	2.64575	7691.08	2.6602	7690.6	3.78351
1512561521887	26.15	7690.89	2.61937	7690.76	2.94788	7691.38	2.75495	7690.68	2.8243	7690.75	3.90016
1512561522921	26.15	7690.56	2.69774	7690.48	3.19009	7691	2.70801	7690.36	2.89943	7690.48	4.23536
1512561523974	26.16	7690.11	2.75882	7689.76	3.52704	7690.77	2.86222	7689.68	3.06485	7689.03	3.8418
1512561525073	26.13	7689.67	2.78388	7689.44	3.4288	7690.08	2.78273	7689.36	3.03974	7689.17	3.81974
1512561526092	26.13	7689.67	2.91548	7689.68	2.89713	7690	2.76887	7689.52	2.67893	7689.38	3.9526
1512561527096	26.15	7689.67	3	7689.64	3.41419	7690	3.08221	7689.56	3.16333	7689.24	3.98894
1512561528138	26.15	7688.78	2.68225	7689	3.32916	7689.54	2.93301	7688.96	2.97881	7689.28	4.12493
1512561529164	26.15	7689	3.1225	7688.56	3.34265	7689.46	2.8465	7688.68	2.89713	7688.93	4.14011
1512561530169	26.15	7689.89	3.62093	7690.16	3.18434	7690.46	3.25616	7690.08	3.04029	7690.17	3.90292
1512561531255	26.16	7689.89	3.1798	7689.88	2.99054	7690.15	2.93956	7689.68	2.88271	7689.71	3.9881
1512561532259	26.15	7688.56	2.78887	7688.44	3.01496	7689.08	2.87117	7688.52	2.77068	7688.33	4.04946
1512561533303	26.15	7689.44	3.12694	7689.8	3.62859	7690.15	3.60199	7689.6	3.47611	7690.19	3.99733
1512561534320	26.16	7688.89	3.55121	7688.76	3.72245	7689.54	3.68817	7688.8	3.42783	7688.99	4.05431
1512561535334	26.16	7691.67	3.74166	7690.76	3.76696	7692.15	3.31276	7690.92	3.51094	7690.02	4.11232
1512561536360	26.16	7689.89	3.05959	7689.28	3.5534	7690.46	2.81707	7689.36	3.36502	7688.82	3.93039
1512561537386	26.16	7689.11	2.61937	7689.4	2.78388	7690	2.76887	7689.28	2.47521	7689.53	3.93835
1512561538411	26.15	7690.33	3.04138	7690.36	2.97041	7691.08	3.27774	7690.52	2.77068	7689.73	3.98464
1512561539446	26.16	7689.67	2.73861	7689.56	2.67831	7690.31	2.83974	7689.6	2.44949	7689.8	3.8287
1512561540490	26.16	7688.78	3.41971	7688.52	3.29292	7689.38	3.20256	7688.52	3.09731	7688.3	3.76813
1512561541586	26.17	7690.33	3	7690.08	3.05396	7691	3.02765	7689.92	2.97097	7689.03	4.06446
1512561542662	26.16	7692.11	3.33333	7691.08	3.68465	7692.62	3.33013	7691.12	3.2187	7689.34	3.94192
1512561543753	26.16	7690.33	3.04138	7690.04	3.2078	7691	2.94392	7690.32	2.83901	7689.48	3.93713
1512561544899	26.17	7691.11	2.848	7691.28	2.65393	7691.69	2.6263	7691.08	2.5318	7689.99	3.70739
1512561546002	26.17	7692	2.59808	7691.12	3.00444	7692.23	2.35067	7691.44	2.48462	7689.82	3.8383
1512561547056	26.16	7689.33	2.91548	7688.56	3.27974	7689.62	2.78503	7688.8	2.81366	7688.66	3.88715
1512561548367	26.13	7689.89	3.05959	7689.48	3.1241	7690.38	2.78503	7689.6	2.91548	7689.54	3.88772
1512561549396	26.15	7691.67	2.17945	7691.36	3.30252	7692	2.64575	7691.28	2.90861	7690.62	3.73984
1512561550504	26.15	7690.11	2.66667	7689.8	3.02765	7690.46	2.56955	7689.84	2.79404	7689.72	3.69214
1512561551527	26.16	7690.67	3	7690.4	3.08221	7691.23	2.91987	7690.56	2.8589	7690.37	3.96544
1512561552573	26.16	7692.22	3.38296	7691.36	3.71797	7692.31	2.95479	7691.64	2.9844	7690.49	4.33026
1512561553577	26.15	7691.44	2.87711	7690.92	3.12143	7691.62	2.53438	7691.12	2.58715	7690.28	4.02423
1512561554594	26.16	7690.56	2.651	7690.36	2.91376	7690.92	2.78273	7690.24	2.80297	7690.57	3.90333
1512561555620	26.15	7689.89	3.01846	7689.52	3.46554	7690.23	3.2953	7689.68	3.18486	7689.96	3.89689
1512561556761	26.15	7689.33	3	7689.04	3.32265	7689.69	2.78043	7689.44	2.8589	7689.58	3.95351
1512561557786	26.15	7689.67	3.53553	7689.64	3.43851	7690.15	3.53191	7690.04	3.23368	7690.25	3.9055
1512561558820	26.15	7689.11	3.444	7689.12	3.1927	7689.54	3.35697	7689.2	3.0957	7689.82	3.89354
1512561559836	26.15	7689.33	3.04138	7689.4	3.45205	7690	3.10913	7689.36	3.14749	7689.39	4.06705
1512561560862	26.15	7687.33	2.73861	7687.8	3.32916	7688.08	2.84199	7687.92	3.01275	7688.38	4.08464
1512561561904	26.17	7689.67	2.95804	7689.08	3.43899	7690.15	3.02341	7689.16	3.15806	7688.69	3.83444
1512561562941	26.16	7690.11	3.01846	7689.32	3.4	7690.38	2.95912	7689.28	3.0485	7688.89	3.96516
1512561563972	26.16	7689.89	2.57121	7689.6	3.22749	7690.15	2.73393	7689.6	2.75379	7689.15	3.89974
1512561565062	26.16	7691.67	2.73861	7691.2	2.72336	7692.23	2.45472	7691.24	2.45425	7690.34	3.9916
1512561566116	26.17	7691.22	3.30824	7691	3.51188	7691.77	3.39494	7690.88	3.20572	7689.56	3.83756
1512561567135	26.17	7690.78	3.19287	7690.36	3.32766	7691.38	3.04243	7690.4	3.02765	7689.41	3.81244
1512561568155	26.17	7690.33	3.16228	7690.04	3.22077	7690.85	2.96778	7690	3.20156	7689.33	3.85576
1512561569259	26.16	7690.78	3.23179	7690.04	3.32265	7691.31	3.01066	7690.16	3.02324	7689.18	3.88014
1512561570304	26.16	7691.56	2.69774	7691.16	3.47227	7692.08	3.04033	7691.28	3.06213	7690.87	3.88893
1512561571330	26.17	7689.67	2.95804	7689.68	3.3754	7690.38	3.04243	7689.72	3.00721	7689.56	3.96695
1512561572372	26.16	7688.11	2.36878	7688.4	3.02765	7688.69	3.19856	7688.48	2.87402	7689.35	4.01692
1512561573381	26.16	7689	2.34521	7688.68	2.92575	7689.38	2.66266	7688.76	2.78807	7688.51	3.84072
1512561574422	26.17	7689.78	2.90593	7689.44	2.93087	7690.08	2.81252	7689.44	2.72458	7688.79	3.67403
1512561575448	26.17	7690	3.04138	7689.2	3.32916	7690.15	3.105	7689.28	2.93712	7688.42	4.06789
1512561576478	26.18	7688.22	3.03223	7688.16	3.14484	7688.92	3.22649	7688.24	2.94788	7687.65	3.93286
1512561577598	26.18	7688	4.12311	7687.96	3.88887	7688.54	3.84308	7688.08	3.63914	7688.47	4.16214
1512561578752	26.17	7690.44	2.74368	7690.32	3.05123	7690.77	2.58695	7690.36	2.69072	7690.25	4.22052
1512561579778	26.17	7688.33	2	7688.96	2.85015	7689.31	2.52932	7688.96	2.7	7688.98	3.8133
1512561580789	26.18	7690.78	2.77389	7690.04	2.95071	7691.08	2.59684	7690.24	2.60256	7690.05	3.73928
1512561581839	26.17	7688.89	2.848	7688.4	2.70801	7689.15	2.67227	7688.36	2.498	7688.32	3.82296
1512561582954	26.18	7688.56	2.50555	7688.56	2.70924	7689.08	2.66025	7688.52	2.63186	7689.03	3.81049
1512561584042	26.18	7687.78	2.90593	7687.96	3.45784	7688.23	3.34549	7687.88	3.40735	7688.96	4.13996
1512561585069	26.18	7688.11	2.08833	7688.16	2.82371	7688.77	2.55453	7688.12	2.58715	7688.76	3.9945
1512561586161	26.17	7688.22	2.90593	7687.88	3.11341	7688.85	2.91108	7687.76	2.94788	7687.93	4.21121
1512561587285	26.18	7689.22	2.86259	7688.64	2.59615	7689.23	2.58695	7688.28	2.74651	7687.75	3.92014
1512561588336	26.18	7689.67	3.24037	7689.32	3.07842	7689.85	3.07804	7689.12	2.81839	7688.97	3.94481
1512561589450	26.18	7690.11	3.37062	7690	3.43996	7690.31	3.49725	7689.8	3.16228	7689.73	4.02107
1512561590475	26.18	7689.11	3.40751	7688.84	3.35012	7689.38	3.17644	7688.56	3.05614	7688.78	3.92698
1512561591517	26.19	7689.44	3.16667	7688.88	2.81839	7689.62	2.8148	7688.96	2.6217	7688.65	4.12439
1512561592544	26.18	7688.67	3.42783	7688.2	2.87228	7688.92	2.95696	7688.32	2.80951	7688.76	3.82225
1512561593796	26.19	7688.78	3.27024	7688.56	2.94505	7689.31	2.95479	7688.6	2.73861	7688.3	3.8545
1512561594821	26.18	7688	2.39792	7688.52	2.4	7688.77	2.58695	7688.36	2.41316	7688.74	3.69228
1512561595856	26.18	7686.89	2.71314	7686.88	2.81839	7687.15	2.67227	7686.52	2.8006	7687.26	3.90449
1512561596888	26.19	7687.56	2.45515	7687.36	2.81188	7688	2.23607	7687.32	2.57747	7687.38	3.85235
1512561597996	26.2	7687.22	2.43812	7687.36	3.03974	7687.62	2.39925	7687.16	2.89655	7687.17	3.83742
1512561599081	26.19	7685.56	2.87711	7685.64	2.81188	7686.15	2.91108	7685.72	2.80654	7686.16	3.85142
1512561600187	26.19	7686.89	2.71314	7687.04	3.15542	7687.62	3.01492	7686.96	3.11555	7686.97	3.92167
1512561601299	26.2	7686.67	2.73861	7686.68	3.06485	7687.15	2.73393	7686.56	2.78508	7686.97	4.0747
1512561602352	26.2	7687.11	2.57121	7687.12	2.75862	7687.69	2.56205	7687.24	2.50466	7687.05	3.7767
1512561603353	26.2	7688.33	2.82843	7688.08	2.7374	7688.62	2.66266	7688.12	2.55473	7687.68	3.84063
1512561604379	26.21	7687.67	1.93649	7687.16	2.21133	7688	1.77951	7687.08	2.05994	7686.62	3.89002
1512561605429	26.21	7688.56	2.96273	7688.6	2.98608	7689.23	3.05924	7688.68	2.79464	7688.66	3.90853
1512561606443	26.2	7688	2.44949	7687.64	2.9844	7688.46	2.36697	7687.64	2.73679	7687.51	3.88389
1512561607493	26.2	7688.67	2.91548	7688.2	3.47611	7689.15	2.93956	7688.4	3	7687.9	4.15653
1512561608529	26.2	7687.11	2.66667	7686.88	3.2573	7687.62	2.66266	7687	2.81366	7687.4	3.71264
1512561609621	26.2	7686.44	3.43188	7686.6	3.18852	7687.08	3.14806	7686.48	2.98775	7687.45	3.77063
1512561610646	26.2	7688.11	3.14024	7688.76	3.16596	7688.69	3.09259	7688.44	3.06974	7689.03	4.01097
1512561611673	26.21	7689	3.60555	7689.52	3.46554	7689.62	3.22848	7689.4	3.18852	7688.75	3.9291
1512561612725	26.2	7688.78	2.72845	7688.88	2.75862	7689.31	2.46254	7688.6	2.5	7688.35	4.01802
1512561613740	26.21	7688	2.64575	7687.92	2.5807	7688.54	2.40192	7687.68	2.30434	7687.63	3.88851
1512561614757	26.21	7688.67	2.44949	7688.68	2.56125	7689.08	2.28989	7688.44	2.34663	7688.33	3.90964
1512561615792	26.21	7688.89	2.97676	7688.92	2.6602	7689.08	2.90004	7688.56	2.61534	7688.5	3.90796
1512561616862	26.2	7688.11	2.89156	7688.16	2.93939	7688.15	3.05085	7687.84	2.93939	7688.97	4.00768
1512561617956	26.2	7689.67	2	7689.84	2.65644	7690.15	2.30384	7689.84	2.49466	7689.8	3.8355
1512561619323	26.2	7689.11	3.01846	7688.96	3.18172	7689	2.85774	7688.96	2.90803	7688.82	3.82607
1512561620347	26.2	7689.11	2.75882	7689.28	3.32315	7689.54	2.69615	7689.2	2.92973	7688.99	4.14012
1512561621387	26.2	7688.89	2.80377	7688.8	2.85774	7689.23	3.05924	7688.52	2.87402	7688.53	3.88513
1512561622432	26.21	7688.44	3.24465	7688.52	3.34315	7688.92	3.47519	7688.6	3.08221	7687.94	3.88457
1512561623549	26.21	7688.67	3.1225	7688.8	3.2914	7689.31	3.35123	7688.8	3.17543	7688.76	3.91282
1512561624594	26.2	7689.33	3.3541	7689.24	3.0315	7689.46	3.04454	7689	2.95804	7688.67	4.00701
1512561625620	26.21	7688.11	3.33333	7688.76	2.87634	7688.46	3.0988	7688.48	2.87402	7688.91	3.92927
1512561626646	26.21	7687.33	3.67423	7687.44	3.46506	7687.62	3.52464	7687.52	3.15066	7688.29	4.18439
1512561627654	26.21	7688	3.87298	7687.36	3.58097	7687.92	3.49908	7687.2	3.47611	7687.25	4.19825
1512561628697	26.21	7687.78	3.11359	7687.04	3.14219	7687.69	3.06552	7686.8	3.10913	7686.37	3.94569
1512561629740	26.22	7688.11	3.37062	7687.8	3.10913	7688.54	3.07179	7687.72	3.0485	7686.8	3.91918
1512561630834	26.21	7689.11	2.93447	7688.88	2.80357	7689.62	2.69377	7688.92	2.48193	7688.47	3.77636
1512561631868	26.22	7689.56	2.4037	7689.12	2.61916	7690.08	2.39658	7689	2.46644	7688.52	3.89988
1512561632983	26.21	7689.33	3.20156	7689.24	3.26956	7689.77	3.24432	7688.92	3.05396	7688.63	4.08942
1512561634009	26.21	7689.44	3.28295	7689.12	2.97658	7689.92	3.04033	7688.96	2.87924	7688.01	4.09331
1512561635051	26.21	7687	2.82843	7686.8	2.88675	7687.23	2.68185	7686.8	2.67706	7686.96	3.70441
1512561636120	26.21	7688	3.64005	7688.12	3.7229	7688.23	3.63212	7687.52	3.62997	7687.65	3.9634
1512561637191	26.22	7683.44	3.16667	7682.32	2.6096	7683.38	2.93083	7682.2	3.0957	7642.96	81.7991
1512561638241	26.22	7686.56	3.5746	7686.16	3.38723	7686.85	3.33782	7686.04	3.1289	7685.73	4.12465
1512561639408	26.22	7687.67	4.272	7687.04	3.91024	7687.77	3.87629	7686.96	3.71349	7686.24	4.09842
1512561640453	26.22	7688.78	4.02423	7687.72	3.80263	7688.69	3.35123	7687.52	3.60694	7686.75	4.38633
1512561641546	26.22	7688.89	4.45658	7688.32	3.94462	7689.08	3.75192	7688.2	3.80789	7687.17	4.53422
1512561642572	26.22	7688.33	3.74166	7688.12	3.28278	7688.31	3.25025	7687.84	3.17122	7687.78	3.98621
1512561643644	26.22	7688.33	2.95804	7687.96	3.06159	7688.38	2.50128	7687.68	2.95409	7687.48	4.09658
1512561644721	26.22	7688	3.08221	7687.8	2.90115	7688.38	2.8148	7687.6	2.87228	7687.45	3.95395
1512561645747	26.23	7688.11	2.97676	7688.48	3.6982	7688.46	2.78733	7688.04	3.54119	7687.45	4.33601
1512561646772	26.22	7688.56	2.83333	7687.76	2.89079	7688.46	2.47034	7687.64	2.78209	7687.11	4.08598
1512561647798	26.22	7687.89	3.1798	7687.8	3.55903	7688.31	2.92645	7687.68	3.27516	7687.14	4.01379
1512561648951	26.22	7688.33	4.55522	7688.76	4.88433	7688.54	4.59375	7688.36	4.67155	7687.17	4.24961
1512561649980	26.22	7686.67	2.91548	7686.92	3.43899	7686.69	3.49725	7686.4	3.47611	7686.43	4.00735
1512561651005	26.23	7687.67	2.06155	7686.92	2.95691	7687.62	2.29269	7686.84	2.71846	7686.12	4.14642
1512561652020	26.23	7685.33	3.1225	7685.56	3.00111	7685.85	2.93956	7685.44	2.82961	7685.1	4.04656
1512561653040	26.22	7684.78	2.81859	7684.88	2.99054	7685.15	2.93956	7684.68	3.11876	7684.41	3.91489
1512561654101	26.23	7685.11	2.57121	7684.68	2.64134	7685.23	2.42053	7684.6	2.69258	7684.07	3.9132
1512561655128	26.23	7684.67	3.1225	7684.28	2.716	7684.62	2.8148	7684	2.75379	7683.63	4.00855
1512561656245	26.23	7684.33	3.84057	7683.48	3.68691	7684.23	3.51553	7683.16	3.51994	7682.96	3.99397
1512561657264	26.23	7683	3.7081	7682.72	3.48234	7683.15	3.50823	7682.52	3.50143	7681.91	4.13415
1512561658343	26.22	7682.78	3.07318	7682.6	3.21455	7682.92	2.95696	7682.04	3.2721	7681.77	4.16615
1512561659589	26.23	7683.11	2.848	7683.08	3.20052	7683.38	3.0697	7682.88	3.12677	7682.44	4.18669
1512561660591	26.23	7684.67	2.23607	7684.24	2.94788	7684.77	2.31495	7684.04	2.89367	7682.94	4.1246
1512561661634	26.23	7682.67	3.3541	7682.68	3.26241	7682.92	3.42689	7682.44	3.13688	7682.15	3.95676
1512561662662	26.22	7683.11	3.1798	7682.04	3.1686	7683.08	2.98501	7681.96	3.08869	7681.44	4.00614
1512561663753	26.23	7683.33	3.27872	7682.8	3.10913	7683.69	2.89783	7682.88	2.83314	7682.36	4.32431
1512561664778	26.23	7681.44	3.39526	7681.12	3.15331	7681.54	2.9893	7681	3	7680.96	4.19801
1512561665804	26.23	7681.44	2.87711	7681.2	3.14907	7681.77	2.86222	7681.08	3.04029	7681.06	3.71117
1512561666838	26.22	7682.67	2.82843	7682.6	2.69258	7683.15	2.67227	7682.44	2.64701	7682.59	4.13362
1512561667918	26.22	7682.89	3.55121	7683.56	3.33017	7683.54	3.61975	7683.52	3.21611	7683.34	4.27531
1512561669011	26.23	7685.33	2.44949	7684.64	2.75197	7685.38	2.39925	7684.52	2.58392	7683.98	4.01362
1512561670037	26.23	7683.56	1.94365	7683.4	2.79881	7684	2.23607	7683.32	2.62552	7682.65	4.08232
1512561671062	26.23	7686.22	3.03223	7685.76	3.41906	7686.54	3.01705	7685.56	3.17648	7684.97	4.31314
1512561672073	26.24	7685.22	2.58736	7685.2	3.27872	7685.46	2.78733	7685	3.17543	7684.65	4.0221
1512561673097	26.22	7683.78	2.99073	7683.96	3.07517	7684.23	3.08636	7683.92	3.02655	7683.23	4.08374
1512561674148	26.22	7686.11	2.93447	7685.28	3.07571	7686	2.64575	7685.12	2.81839	7684.08	4.0696
1512561675156	26.22	7685.89	2.89156	7685.24	3.16596	7685.85	2.76424	7685.2	2.69258	7684.08	3.98086
1512561676174	26.22	7685.56	3.28295	7685.64	3.2	7685.92	3.20056	7685.32	3.05123	7685.15	4.0573
1512561677225	26.23	7685.89	3.21887	7685.56	2.88791	7685.92	2.84199	7684.96	3.11555	7684.45	4.23507
1512561678339	26.23	7685.67	2.87228	7685.6	3.30404	7685.62	2.8148	7685.28	3.19531	7684.65	4.22791
1512561679412	26.23	7685.67	2.59808	7685.64	2.58005	7685.77	2.42053	7685.32	2.54493	7684.89	3.75327
1512561680435	26.23	7684.56	3.28295	7684.04	2.82076	7684.54	2.81707	7683.72	2.77669	7683.36	3.91486
1512561681463	26.23	7685.22	3.49205	7684.92	2.92859	7685.46	2.9893	7684.48	2.98775	7683.45	3.92619
1512561682546	26.23	7684.89	3.4801	7684.84	3.09139	7685.15	3.36269	7684.44	2.97321	7683.88	4.07547
1512561683609	26.23	7685.89	3.85501	7685.68	3.05123	7686.31	3.30113	7685.52	2.91719	7685.01	3.83785
1512561684624	26.23	7685.22	3.19287	7685.32	3.00998	7685.62	2.8734	7685.16	2.76405	7684.56	3.94456
1512561685633	26.23	7684.78	3.03223	7684.44	2.81484	7685	2.67706	7684.04	2.80595	7683.74	4.11648
1512561686675	26.23	7686.56	3.00463	7686.08	2.87112	7686.69	2.68901	7686	2.69258	7685.2	3.7131
1512561687686	26.23	7687.89	2.93447	7686.68	2.92575	7687.77	2.48843	7686.72	2.62234	7685.54	3.85408
1512561688710	26.23	7687.56	2.83333	7687.44	3.09677	7688	3	7687.6	2.75379	7686.24	3.87672
1512561689803	26.24	7686	2.91548	7685.36	3.06703	7686	2.85774	7685.32	2.98217	7684.89	3.86456
1512561690891	26.24	7687.11	2.20479	7686.88	2.65079	7687.23	1.92154	7686.76	2.50466	7685.28	3.96002
1512561691901	26.23	7686.56	2.55495	7685.88	2.93428	7686.69	2.25036	7685.68	2.80951	7685.04	3.75393
1512561692987	26.24	7685.89	2.97676	7684.84	3.3	7685.69	2.71982	7684.92	2.95691	7684.27	3.98303
1512561694066	26.24	7685.67	3.39116	7684.96	3.23368	7685.77	3.26991	7685.04	2.97881	7684.03	4.16012
1512561695158	26.24	7686.44	2.92024	7685.76	2.94788	7686.46	2.8465	7685.4	3.01386	7684.22	3.88065
1512561696247	26.24	7685	2.59808	7684.44	2.82961	7685	2.34521	7684.28	2.70062	7683.8	3.94303
1512561697257	26.24	7684.89	2.61937	7684.24	2.87634	7684.92	2.39658	7684.04	2.85015	7683.55	3.97242
1512561698283	26.24	7684.22	2.72845	7684.08	3.22645	7684.38	2.69377	7683.8	2.94392	7684.31	4.12901
1512561699325	26.24	7685.78	3.38296	7685.2	3.34166	7685.85	2.96778	7685.08	3.13475	7684.82	4.23281
1512561700353	26.24	7685.56	3.00463	7685	3.43996	7685.38	2.93083	7684.76	3.2052	7684.79	4.38494
1512561701443	26.24	7686.56	3.00463	7685.68	3.02379	7686.31	2.81024	7685.44	2.95917	7685.26	4.07805
1512561702501	26.24	7686.67	3.42783	7685.92	3.10805	7686.69	3.14602	7685.84	3.03699	7684.88	4.08265
1512561703554	26.26	7685.22	2.53859	7684.76	2.89079	7685.77	2.58695	7684.92	2.51529	7684.04	4.00499
1512561704581	26.23	7684.78	2.99073	7685.28	2.96536	7685.69	3.09259	7685.2	2.82843	7684.54	3.98824
1512561705622	26.24	7686.89	1.45297	7686.96	2.38886	7687.38	1.55662	7687.24	2.04695	7686.34	4.18399
1512561706716	26.26	7684	2.59808	7684.04	3.19479	7684.46	2.81707	7683.88	2.87692	7683.49	4.34347
1512561707742	26.24	7685.33	2.64575	7684.4	3.1225	7685.54	2.60177	7684.52	2.67893	7683.4	3.99627
1512561708813	26.26	7684.89	2.80377	7683.72	3.42199	7684.62	2.8148	7683.56	3.1102	7683.07	4.13634
1512561709819	26.24	7683.33	2.87228	7682.8	3.10913	7683.46	2.69615	7682.44	3.09677	7682.5	4.23788
1512561710824	26.26	7682.89	3.33333	7682.56	3.39215	7683.15	3.21056	7682.36	3.30252	7682.22	4.10882
1512561711844	26.26	7685.22	2.72845	7684.72	2.97937	7685.08	2.66025	7684.2	3.01386	7683.61	4.34924
1512561712880	26.24	7685.22	2.81859	7684.28	3.34813	7685.15	2.70327	7683.88	3.08653	7683.22	4.20033
1512561713897	26.24	7683	2.44949	7682.72	2.79165	7683.38	2.53438	7682.32	2.59358	7682.22	4.0217
1512561714994	26.24	7686.44	2.74368	7685.44	3.26701	7686.23	2.61896	7685.12	3.37046	7683.91	4.17551
1512561716077	26.24	7683.67	2.34521	7683.36	2.76707	7684.23	2.45472	7683.08	2.79762	7682.43	4.09605
1512561717103	26.24	7682.11	2.42097	7682.04	2.73069	7682.77	2.55453	7681.68	2.73435	7681.27	4.09041
1512561718128	26.26	7681.44	2.78887	7681.6	2.79881	7682.08	2.53185	7681.44	2.59936	7681.45	4.15562
1512561719138	26.24	7682	2.91548	7682.44	3.29242	7682.46	2.78733	7682.04	3.02049	7682.16	4.28742
1512561720228	26.24	7682	3.04138	7682.04	2.95071	7682.38	2.69377	7681.76	2.74287	7681.94	4.0262
1512561721319	26.27	7681	2.82843	7681.64	3.26446	7681.62	2.59931	7681.32	2.92575	7681.54	4.0875
1512561722345	26.24	7682.33	2.29129	7681.68	2.5285	7682.46	1.98391	7681.32	2.51197	7680.75	4.13702
1512561723371	26.26	7681.33	3.57071	7680.76	3.32014	7681.31	3.30113	7680.52	3.0293	7680.81	4.07436
1512561724381	26.26	7683.67	3	7682.2	2.98608	7683.38	2.56705	7682.2	2.73861	7681.58	4.16521
1512561725422	26.26	7681.44	2.92024	7680.6	2.88675	7681.54	2.50384	7680.64	2.56385	7680.65	4.0657
1512561726429	26.24	7682.89	2.36878	7682.4	2.69258	7683	2.08167	7682.28	2.50865	7682.12	4.31703
1512561727473	26.24	7682.22	2.77389	7682.48	3.4049	7682.77	2.83296	7682.2	3.17543	7681.69	4.23463
1512561728498	26.24	7683.11	2.31541	7683.12	2.71293	7683.46	2.25889	7682.96	2.6217	7682.78	4.14129
1512561729540	26.24	7684	2.73861	7683.92	2.97097	7684.38	2.56705	7683.64	2.69072	7683.04	4.3754
1512561730550	26.23	7684.56	2.87711	7685.32	3.13209	7685.15	2.82389	7684.72	3.18224	7684.26	4.15773
1512561731559	26.24	7685.22	3.03223	7684.84	2.95353	7685.46	2.75727	7684.64	3.08058	7684.25	4.00427
1512561732572	26.24	7686.33	2.34521	7686.28	2.7313	7686.77	2.42053	7686	2.62996	7684.68	4.09377
1512561733641	26.24	7684.67	2.59808	7684.92	2.85657	7685.08	2.90004	7684.76	2.65016	7683.84	4.09861
1512561734651	26.24	7684.89	2.31541	7685.16	2.5606	7685.46	2.36697	7684.92	2.44813	7684.19	4.21634
1512561735665	26.24	7684.67	3.16228	7684.76	2.93371	7685.23	2.9764	7684.48	2.87402	7684.07	4.21245
1512561736688	26.23	7685.78	3.15348	7685.16	3.09139	7686	2.88675	7685.2	2.78388	7684.87	4.01933
1512561737691	26.23	7686.44	3.46811	7685.4	3.2532	7686.38	2.93083	7685.48	2.8006	7684.33	4.18357
1512561738739	26.24	7685.56	2.83333	7684.72	2.50865	7685.31	2.46254	7684.84	2.21133	7684.92	4.01549
1512561739765	26.26	7684.33	2.69258	7683.6	2.64575	7684.54	2.60177	7683.64	2.51462	7683.38	4.20651
1512561740817	26.24	7682.67	2.78388	7682.56	3.27974	7682.85	3.05085	7682.48	2.87402	7682.65	4.34336
1512561741942	26.26	7684	2.91548	7684.4	3.3665	7684.77	3.16633	7684.52	2.93144	7684.64	4.31466
1512561742952	26.24	7683.89	1.90029	7684.64	2.73679	7684.69	2.49615	7684.44	2.755	7684.64	4.23178
1512561744003	26.26	7683.89	2.47207	7684.08	2.8856	7684.62	2.69377	7684.04	2.77609	7684.12	4.00537
1512561745052	26.24	7684	2.29129	7684.32	2.85365	7684.38	2.36426	7684.32	2.41039	7684.28	4.08815
1512561746172	26.26	7684.44	2.78887	7684.36	2.88502	7684.85	2.60916	7684.24	2.52124	7683.84	4.02682
1512561747174	26.26	7684.89	2.61937	7684.36	2.54755	7684.92	2.66025	7684.16	2.52784	7683.26	4.22513
1512561748267	26.24	7682.33	2.06155	7682.64	2.62805	7682.69	2.49615	7682.32	2.30434	7682.24	4.18178
1512561749346	26.26	7684.44	3.28295	7684.16	3.28735	7684.69	3.14602	7683.84	3.23625	7683.08	4.30399
1512561750375	26.27	7682.22	2.3863	7682.08	2.8856	7682.77	2.38586	7682.08	2.48193	7682.2	4.23104
1512561751407	26.26	7681.22	2.22361	7681.52	2.5186	7682	2.23607	7681.24	2.50466	7681.13	4.01285
1512561752453	26.27	7682.22	3.52767	7681.28	3.47035	7682.54	3.0988	7681.28	3.18224	7679.9	4.60136
1512561753467	26.27	7681.11	3.33333	7680.96	3.15542	7681.31	3.09259	7680.64	2.92803	7680.99	4.02272
1512561754528	26.27	7681.22	3.11359	7680.88	3.33317	7681.38	2.84425	7680.72	3.0485	7680.93	4.16591
1512561755556	26.27	7680.67	3.39116	7680.64	3.52231	7681	3.18852	7680.52	3.31813	7680.71	4.19682
1512561756631	26.26	7682.89	2.61937	7682.36	2.94222	7683.08	2.53185	7682.36	2.76707	7681.81	4.02161
1512561757684	26.27	7685.67	3.1225	7684.32	3.27516	7685.54	2.75727	7684.16	3.09139	7682.94	4.1428
1512561758699	26.24	7685.22	2.99073	7685.52	3.16386	7685.69	3.1724	7685.08	3.17438	7684.89	4.00097
1512561759859	26.27	7684.33	3.67423	7684.24	3.33267	7684.62	3.2797	7683.88	3.23161	7684.03	4.03686
1512561760872	26.24	7685.78	3.92994	7685.6	3.77492	7685.85	3.50823	7685.44	3.51283	7683.78	4.10593
1512561761987	26.26	7684.67	4	7684.52	3.79825	7684.92	3.5464	7684.48	3.39264	7683.72	4.14661
1512561763013	26.26	7683.11	3.78961	7682.96	3.44577	7683.46	3.30695	7682.76	3.28228	7682.25	3.85449
1512561764040	26.26	7682.78	2.90593	7682.52	2.90287	7683.08	2.75262	7682.28	2.7313	7682.24	3.96177
1512561765090	26.27	7680.89	2.80377	7680.16	3.06431	7681.15	2.54448	7680.12	2.47184	7680.47	4.18087
1512561766094	26.27	7680.78	3.03223	7680.12	3.11341	7681.15	2.76424	7680.08	2.64449	7680.13	4.13981
1512561767140	26.27	7680	3.5	7679.8	3.0957	7680.46	3.23046	7679.64	2.88502	7679.56	4.03722
1512561768174	26.27	7678.89	3.10018	7678.92	3.05396	7679.46	2.78733	7678.8	2.66145	7679.02	4.18449
1512561769227	26.27	7679	3.39116	7679.24	3.60879	7679.77	3.4678	7679.2	3.31662	7679.23	4.18237
1512561770306	26.27	7681.33	3.04138	7680.84	3.2491	7681.62	3.17644	7680.44	3.27974	7679.48	4.07236
1512561771332	26.26	7680.78	3.07318	7680.28	3.16912	7681.08	2.90004	7680.04	2.96479	7678.79	4.2925
1512561772355	26.24	7680.44	2.651	7680.24	2.90517	7680.77	2.58695	7680.12	2.71293	7679.77	3.96239
1512561773400	26.24	7681.33	2.78388	7680.92	3.68465	7681.54	2.66506	7681.08	3.32816	7680.12	4.06779
1512561774434	26.26	7680.89	2.26078	7680.08	3.26497	7681	2.19848	7680	3	7679.55	4.45211
1512561775462	26.26	7681.33	3.4641	7681.04	3.57631	7681.77	3.34549	7680.92	3.45109	7679.92	4.19491
1512561776488	26.26	7681	3	7680.84	2.9109	7681.23	2.61896	7680.6	2.75379	7679.95	3.9604
1512561777535	26.24	7682.33	3.67423	7681.32	3.38772	7682.54	3.04454	7681.4	3.08221	7680.64	4.36149
1512561778558	26.26	7681.11	3.65529	7681	3.21455	7681.31	3.19856	7680.92	3.26497	7680.15	4.17079
1512561779667	26.26	7680.33	3.5	7679.96	3.08869	7680.46	3.04454	7680.04	2.92233	7679.23	4.10663
1512561780677	26.26	7679	3.20156	7678.72	2.86531	7679.15	2.6409	7678.8	2.67706	7678.46	4.11671
1512561781718	26.26	7679.44	3.43188	7679.24	3.21818	7679.85	3.07804	7679.12	3.12677	7678.85	4.28213
1512561782745	26.27	7678.67	3.39116	7678.92	3.35311	7679.15	3.15822	7679	3.08221	7678.72	4.37995
1512561783771	26.26	7678.89	2.848	7679.4	3.24037	7679.15	2.6409	7679.24	3.07246	7679.38	4.51365
1512561784837	26.26	7679.22	3.41971	7679.8	3.21455	7679.54	3.0988	7679.4	3.13581	7679.67	4.30163
1512561785951	26.26	7680	2.78388	7679.88	2.84781	7680.38	2.69377	7679.68	2.76466	7679.24	4.22391
1512561786961	26.26	7682.78	3.38296	7682.08	3.43899	7682.85	3.38738	7681.84	3.46025	7681.56	4.25586
1512561787987	26.26	7681.56	2.87711	7681.32	3.10537	7681.85	2.96778	7681.12	3.04576	7681.14	4.21012
1512561789025	26.26	7681.67	2.12132	7681.64	3.23883	7682.31	2.52932	7681.44	3.1102	7681.4	4.19975
1512561790037	26.24	7681.56	2.50555	7681.72	3.02104	7682.38	2.75495	7681.56	2.88791	7681.52	3.82575
1512561791063	26.24	7685.11	2.57121	7684.16	3.22335	7685	2.38048	7684.16	2.74894	7683.6	4.12076
1512561792187	26.24	7683.44	2.651	7683.2	3.08221	7683.62	2.84425	7683.12	2.75862	7682.79	3.99758
1512561793213	26.24	7684.78	4.02423	7684.4	3.74166	7685.08	3.72965	7684.16	3.6706	7683.33	4.22836
1512561794268	26.24	7684.67	3.39116	7684.84	3.3	7685.23	3.03188	7684.48	3.09731	7684.44	4.06422
1512561795281	26.24	7685.22	2.99073	7685.2	2.98608	7685.69	2.92645	7685	2.91548	7684.99	4.00715
1512561796317	26.24	7684.33	3.80789	7684.4	3.20156	7684.77	3.74508	7684.2	3.27872	7684.48	3.95297
1512561797322	26.24	7686.11	3.1798	7686.08	3.45109	7686.69	3.25025	7685.84	3.46025	7685.54	4.27802
1512561798367	26.26	7686.44	2.96273	7686.28	2.85073	7686.69	2.52932	7686.12	2.68204	7685.33	4.00701
1512561799491	26.24	7686	2.95804	7686.6	3.5	7686.85	2.82389	7686.12	3.00444	7686.75	4.55754
1512561800508	26.26	7686.33	3.4641	7686	3.18852	7686.62	3.04243	7685.96	2.97881	7685.57	4.09859
1512561801532	26.26	7685.56	3.53946	7685.64	3.05341	7685.92	3.27774	7685.4	3.01386	7684.9	3.92848
1512561802574	26.24	7683.89	3.14024	7683.76	2.5865	7684.15	2.79422	7683.72	2.55799	7684.27	3.98071
1512561803599	26.26	7683.78	3.19287	7683.68	2.92575	7684.54	2.93301	7683.72	2.716	7683.96	3.88753
1512561804625	26.26	7686.11	3.82245	7685.88	3.45591	7686.54	3.30695	7685.84	3.14484	7685.43	3.85769
1512561805650	26.26	7685.89	3.21887	7685.16	3.17122	7685.92	2.90004	7684.96	3.00666	7684.27	4.05589
1512561806676	26.26	7684.67	3.57071	7684.64	3.17385	7685.08	3.01279	7684.4	3.02765	7683.94	4.12895
1512561807703	26.26	7685.11	2.89156	7685.48	2.83019	7685.85	2.76424	7685.24	2.71232	7684.98	4.08243
1512561808728	26.26	7685.44	2.87711	7685.72	2.96536	7686.08	2.69139	7685.44	2.77008	7685.41	4.24929
1512561809729	26.24	7686.11	2.57121	7685.68	3.00998	7686.31	2.59437	7685.56	2.8589	7685.35	4.11156
1512561810762	26.27	7685.33	2.78388	7684.96	3.00666	7685.62	2.72453	7684.96	2.82076	7685	4.20565
1512561811788	26.26	7684.22	2.22361	7683.92	2.97097	7684.69	2.32324	7683.84	2.89655	7684.24	4.30663
1512561812839	26.26	7685.33	3.3541	7685.2	3.16228	7685.62	3.3798	7684.92	3.21351	7685.09	4.12784
1512561813856	26.26	7687.22	2.10819	7686.04	2.73069	7687.15	1.86396	7686.32	2.17409	7685.38	3.96166
1512561814882	26.26	7686.33	2.59808	7686.32	3.44867	7686.85	2.88231	7686.4	3.13581	7686.15	4.19693
1512561815895	26.26	7686.67	2.78388	7686.52	2.88848	7687	2.48328	7686.36	2.72152	7686.02	4.05493
1512561817032	26.26	7685.89	3.01846	7685.32	3.19792	7686.08	2.92864	7685.28	2.83608	7684.98	4.0575
1512561818057	26.24	7685.67	3.1225	7685.8	3.55903	7686	2.97209	7685.56	3.29242	7685.61	4.31571
1512561819108	26.24	7687.89	2.47207	7687.92	2.75257	7688.23	2.27866	7687.96	2.57358	7688.7	4.06981
1512561820116	26.26	7689.22	3.19287	7688.68	2.99611	7689.77	2.80339	7688.72	2.76164	7687.98	4.09964
1512561821247	26.27	7689.11	3.05959	7689.04	3.11555	7689.69	2.68901	7688.96	2.66896	7688.2	4.03663
1512561822333	26.26	7687.67	2.54951	7687.8	2.82843	7688.31	2.52932	7687.56	2.61534	7687.17	3.91003
1512561823344	26.26	7687.56	3.35824	7687.68	3.31311	7688.15	3.13172	7687.56	3.12357	7687.24	4.03859
1512561824369	26.27	7687.67	3.3541	7687.52	3.4049	7688	3.10913	7687.28	3.20832	7687.3	4.0144
1512561825488	26.26	7686.89	3.1798	7686.68	3.46073	7687.38	2.90225	7686.68	3.07842	7686.75	4.29514
1512561826491	26.26	7686	2.59808	7686	3.18852	7686.46	2.43637	7685.96	2.74591	7686.27	4.192
1512561827515	26.27	7686.33	2.87228	7686.8	2.95804	7687.08	2.75262	7686.44	2.70924	7685.97	4.09832
1512561828571	26.27	7684.11	2.36878	7684.96	2.83549	7684.92	2.46514	7684.52	2.67893	7684.87	4.05721
1512561829623	26.27	7684.56	3.12694	7685.08	3.13475	7685.23	3.16633	7684.84	3.05068	7684.65	4.01932
1512561830789	26.26	7685.11	1.83333	7685.2	2.70801	7685.69	1.84321	7685.16	2.19241	7684.78	4.06385
1512561831959	26.27	7685	2.78388	7684.84	2.76405	7685.38	2.66266	7684.76	2.55408	7684.59	3.79052
1512561832985	26.26	7684.44	3.04594	7684.8	3.43996	7684.85	2.91108	7684.56	3.34265	7684.59	4.03684
1512561834002	26.27	7686.44	3.00463	7686.64	3.026	7686.85	2.67227	7686.36	2.67519	7685.75	3.95289
1512561835053	26.26	7686.89	2.20479	7687.04	2.52455	7687.31	1.97419	7686.92	2.51529	7685.74	4.0997
1512561836157	26.26	7687.11	2.61937	7687.28	2.99333	7687.46	2.29548	7687.2	2.64575	7686.08	4.24305
1512561837330	26.27	7686.56	2.55495	7686.36	2.51462	7686.69	2.13638	7686.32	2.21209	7685.53	3.85008
1512561838360	26.26	7685.11	2.66667	7685.56	3.22852	7685.62	2.56705	7685.44	2.93087	7684.68	4.01305
1512561839396	26.26	7684.22	2.43812	7684.48	2.91719	7684.85	2.47811	7684.36	2.58005	7684.21	4.14183
1512561840455	26.26	7686.33	2.64575	7685.92	2.82725	7686.62	2.32875	7685.56	2.73983	7684.86	4.18033
1512561841481	26.24	7686.33	2.29129	7685.64	2.72152	7686.31	2.05688	7685.44	2.41661	7684.94	3.9715
1512561842626	26.24	7686.56	2.55495	7686.48	3.24191	7687	2.44949	7686.12	2.84781	7686.24	4.26074
1512561843652	26.26	7684.67	2.34521	7685.08	2.75257	7685.08	2.28989	7684.72	2.52521	7684.98	4.01943
1512561844725	26.26	7683.11	2.71314	7683.36	2.81188	7683.62	2.36426	7683.2	2.5	7683.57	4.05387
1512561845765	26.24	7685.44	2.74368	7684.44	3.33017	7685.38	2.39925	7684.32	2.98217	7683.65	4.04019
1512561846868	26.24	7685.67	3.60555	7685.2	3.5473	7685.85	3.05085	7685.32	2.91147	7685.03	4.17695
1512561847949	26.24	7685.78	3.34581	7685.36	3.2	7686.08	2.92864	7685.32	2.83901	7685.28	4.18039
