Power reboot not successful, Lepton Error -26
Couldn't set the Telemetry location
spi mode: 7
bits per word: 8
max speed: 31200000 Hz (31200 KHz)
FFC blocked by MainWindow
1512482864070	25.09	8319.11	7658.46	7097.72	6919.55	6261.31	7216.92	6205.6	6928.94	7201.03	7435.16
1512482865102	25.16	7976.67	17.4714	7979.48	17.5146	7976.46	17.5529	7976.36	17.2358	7977.19	17.7569
1512482866112	25.2	7973.67	14.4135	7975.52	14.5405	7973.08	14.448	7973.2	14.1569	7973.76	16.2483
1512482867147	25.23	7969.33	11.3908	7969.12	12.0565	7967.69	12.1682	7967.72	11.8551	7968.75	14.8293
1512482868174	25.26	7966.11	8.86629	7965.4	9.91632	7964.69	9.77569	7964.48	9.7857	7965.93	13.7627
1512482869269	25.28	7958	6.1441	7957.04	7.65659	7956.85	7.54814	7956.84	7.61949	7958.88	12.69
1512482870337	25.3	7955.22	5.5852	7954.64	7.05856	7954.54	6.62842	7954.88	7.04344	7956.65	12.4239
1512482871425	25.31	7950.22	4.43784	7949.84	6.43351	7949.54	5.53196	7950.04	6.71118	7953.02	12.2757
1512482872460	25.32	7948.44	4.79873	7947.8	6.33114	7947.62	5.67947	7948.08	6.54421	7951.09	12.1337
1512482873485	25.32	7947.11	4.75511	7946.04	5.74079	7946.46	5.31688	7946.6	5.68624	7948.52	11.7695
1512482874511	25.34	7945.67	4.60977	7944.68	6.19624	7944.77	5.46434	7944.96	6.22147	7947.27	11.8217
1512482875537	25.35	7944.22	4.84195	7943.08	5.866	7943.31	5.55855	7943.48	5.84608	7946.03	11.7867
1512482876584	25.37	7944.44	5.34114	7942.76	6.01581	7943.62	5.66478	7943.12	6.15982	7945.09	11.8159
1512482877597	25.38	7941.67	5.17204	7940.4	5.91608	7941.08	5.43847	7940.84	6.00472	7942.8	11.8474
1512482878841	25.37	7941.44	4.55826	7940.72	5.77725	7941	5.19615	7941.2	5.8238	7943.1	11.9648
1512482879879	25.38	7941.56	4.8247	7940.2	6.04152	7940.85	5.14532	7940.68	5.88586	7942.91	11.9134
1512482880893	25.38	7940.11	4.88478	7938.92	6.2578	7939.46	5.75348	7939.4	6.29815	7941.93	12.0002
1512482881919	25.4	7940.44	4.58561	7938.68	6.65658	7939.54	5.63642	7939.08	6.44153	7940.86	12.0648
1512482882991	25.39	7938.44	4.66667	7936.44	6.09699	7937.46	5.20601	7937.08	6.26445	7939.61	12.0998
1512482884084	25.39	7941.67	5.17204	7940.24	6.63501	7940.77	5.70313	7940.72	6.38697	7942.03	11.9246
1512482885110	25.39	7938.67	4.79583	7937.52	6.13813	7937.85	5.30481	7937.72	6.18816	7940.05	12.0094
1512482886135	25.39	7936.56	5.50252	7936	6.48717	7936.23	5.59991	7936.4	6.17117	7938.91	12.136
1512482887161	25.4	7938.33	4.7697	7937.44	6.46838	7937.62	5.65005	7937.84	6.18924	7940.04	12.0556
1512482888187	25.4	7937.33	5.31507	7936.68	6.34902	7936.54	5.88239	7936.88	6.29365	7938.98	11.9017
1512482889262	25.41	7939	5.14782	7937.52	6.18547	7937.85	5.53543	7937.84	6.0531	7939.79	11.9409
1512482890285	25.41	7938.22	4.7111	7936.88	6.1259	7937.38	5.34694	7937.32	5.91411	7939.07	11.9654
1512482891378	25.42	7935.56	4.36208	7934.44	6.2788	7934.85	4.91335	7934.8	5.83095	7937.08	11.8644
1512482892433	25.42	7934	4.84768	7932.8	5.75181	7933.54	4.99359	7933.24	5.84722	7936.02	12.291
1512482893542	25.41	7934.22	4.49382	7934.32	5.97718	7934.31	4.67947	7934.52	5.80316	7937.09	12.2737
1512482894550	25.42	7936	4.79583	7934.92	6.17063	7935.31	5.266	7935.24	5.98108	7937.9	12.1452
1512482895594	25.42	7936.44	4.61278	7935.4	6.30476	7935.77	5.18256	7935.88	5.94643	7938.5	12.0921
1512482896602	25.42	7939.56	5.36449	7938.12	6.67283	7938.77	5.86165	7938.6	6.12372	7940.12	11.9502
1512482897843	25.42	7939.11	4.78133	7937.32	6.26312	7938.15	5.65459	7937.8	5.87367	7939.42	11.8842
1512482898888	25.43	7937.44	5.00278	7935.72	6.27508	7936.46	5.53196	7936.32	5.94923	7938.33	12.1802
1512482899986	25.42	7937.44	5.15051	7936.88	6.66658	7936.92	5.31447	7937.4	6.23164	7938.81	12.207
1512482901048	25.43	7934.78	4.38115	7934.04	6.20806	7934.46	5.15777	7934.4	6.22495	7937.08	12.224
1512482902099	25.42	7935.78	3.96162	7935.44	6.09016	7935.31	5.00641	7935.88	5.95343	7938.15	12.1094
1512482903158	25.42	7936.56	4.39065	7935.4	6.5	7935.77	5.1341	7935.64	6.35662	7937.84	12.142
1512482904245	25.43	7935.89	4.19656	7935.04	6.0172	7935.23	4.60351	7935.48	5.78158	7938.23	11.8283
1512482905264	25.43	7936.67	3.87298	7935.36	6.09563	7935.77	4.54888	7935.88	5.59255	7938.06	11.8564
1512482906313	25.44	7936	4.30116	7934.6	6.17117	7935.23	4.71087	7935.16	5.67656	7937.11	12.0276
1512482907342	25.44	7935.56	4.69338	7934.24	6.07783	7934.85	5.25747	7934.96	5.72626	7937.07	11.9822
1512482908398	25.44	7936.44	4.97773	7935.44	6.35793	7936	4.94975	7936.08	5.92959	7937.61	11.9769
1512482909418	25.44	7935.44	4.71993	7935	6.09645	7935.08	4.71631	7935.4	6.19139	7937.46	12.1458
1512482910506	25.43	7936.33	4.94975	7935.68	6.56201	7936.15	4.96397	7936.24	6.21343	7938.22	12.0206
1512482911530	25.45	7936.67	4.84768	7935.48	5.87452	7935.77	5.08517	7935.88	5.6	7937.59	11.9056
1512482912586	25.44	7934.67	4.92443	7933.48	5.88869	7933.92	5.20355	7934.16	6.30264	7936.51	12.1016
1512482913635	25.45	7935.89	5.92546	7934.24	6.46967	7934.77	6.016	7934.64	6.51204	7936.77	11.9186
1512482914662	25.47	7935.67	4.94975	7934.36	6.04759	7934.92	5.17142	7934.8	6.06905	7936.48	11.9217
1512482915691	25.47	7934.56	4.69338	7934.08	6.18412	7934	5.44671	7934.48	6.37783	7936.61	12.1728
1512482916791	25.47	7935.44	5.07718	7934.24	6.11201	7934.69	5.80782	7934.64	6.37626	7936.18	12.1348
1512482917792	25.47	7937	5.40833	7936.04	6.13379	7936.31	5.64778	7936.48	6.15169	7937.82	11.8559
1512482918842	25.47	7937.11	5.9675	7935.12	6.55312	7936	5.93015	7935.76	6.57191	7936.78	12.137
1512482919852	25.48	7935.78	5.71791	7934.32	6.16928	7934.54	6.05001	7934.68	6.34245	7936.61	11.9817
1512482920877	25.48	7935	5.07445	7934.04	6.50308	7933.92	5.73675	7934.24	6.44386	7936.21	11.8757
1512482921930	25.48	7935.78	5.42627	7934.76	6.12563	7934.92	5.96464	7935.08	6.46091	7937.43	12.0523
1512482922975	25.48	7936.67	4.89898	7935.92	5.91552	7936.08	5.25137	7936.2	5.85947	7937.59	11.9793
1512482924085	25.47	7935.89	4.64878	7935	6.04842	7935.08	5.33013	7935.48	6.05613	7936.94	12.0501
1512482925236	25.48	7935.78	4.49382	7934.92	5.98554	7935	5.22813	7935.4	5.97913	7937.18	12.106
1512482926250	25.48	7935.56	4.53076	7935.36	6.3435	7935.23	5.57007	7935.72	6.32798	7937.44	12.1264
1512482927284	25.49	7936.33	4.7697	7934.96	6.53503	7935.69	5.80782	7935.44	6.34481	7937.1	12.223
1512482928305	25.48	7936.89	4.37163	7935.92	6.18412	7936.38	4.94197	7936.52	5.75992	7938.89	12.1815
1512482929338	25.47	7937.67	4.71699	7935.72	6.1	7936.92	5.18751	7936.4	5.7373	7938.02	12.0063
1512482930343	25.48	7937.11	4.59468	7935.8	5.83809	7936.38	5.17266	7936.16	5.93492	7938.41	11.9222
1512482931476	25.48	7936.22	4.52155	7935.92	6.18412	7935.92	5.04086	7936.24	5.98804	7938.41	12.115
1512482932529	25.48	7937.11	4.91031	7935.92	6.28437	7936.54	5.4101	7936.16	6.46581	7938.65	12.1509
1512482933577	25.47	7938.11	4.88478	7936.12	6.94814	7937.31	5.85071	7936.84	6.81102	7938.08	12.0551
1512482934613	25.47	7937.78	4.96935	7936.24	6.5082	7937.08	5.33013	7936.76	6.43739	7938.35	12.0273
1512482935692	25.47	7938.33	5.87367	7937.16	6.64379	7937.46	6.02239	7937.4	6.57647	7939.4	11.994
1512482936734	25.48	7936.44	5.47976	7936.16	6.30264	7936.15	5.87149	7936.28	6.22174	7938.92	11.9741
1512482937746	25.49	7935.67	4.8734	7935.44	6.29868	7935.38	5.73786	7935.44	6.03517	7938.13	12.2069
1512482938852	25.47	7935.56	4.87625	7934.76	6.37234	7935.08	5.5597	7934.8	6.19139	7937.01	12.0962
1512482940035	25.49	7938.33	5.45436	7937.08	6.18412	7937.15	5.99786	7936.84	6.2295	7938.42	12.3206
1512482941058	25.49	7936.78	5.09357	7934.88	6.50846	7935.46	6.03622	7935.16	6.34219	7937.37	12.277
1512482942077	25.49	7936.33	5.02494	7935.2	5.87367	7935.46	5.66591	7935.28	5.94082	7937.42	12.2102
1512482943100	25.49	7937.89	5.1586	7936.76	6.66008	7937.15	5.94203	7936.88	6.67283	7938.43	11.9985
1512482944190	25.49	7936.89	4.72875	7935.52	6.50718	7936	5.1316	7935.84	6.24286	7937.34	12.0742
1512482945216	25.49	7935.78	4.89331	7934.56	6.20537	7934.85	5.68399	7934.72	6.26179	7937.22	11.9921
1512482946291	25.49	7935	4.09268	7933.96	5.83438	7934.31	4.90552	7934.44	5.82437	7936.65	11.9578
1512482947297	25.49	7935.11	4.10623	7933.76	6.25353	7934.46	5.30119	7934.08	6.06163	7935.96	12.1026
1512482948342	25.5	7934	4.60977	7932.56	5.98665	7933.15	5.38278	7933.04	5.99639	7935.3	12.3833
1512482949370	25.49	7934.56	5.10174	7932.72	6.38697	7933.54	5.95281	7933.04	6.41275	7935.51	12.253
1512482950393	25.5	7933	4.7697	7932.04	6.24153	7932.38	5.50058	7932.36	6.08194	7934.81	12.1915
1512482951435	25.5	7935.11	4.22624	7932.96	6.20134	7934	5.22813	7933.64	5.77985	7935.47	12.1089
1512482952507	25.5	7933.56	4.53076	7932.44	5.92368	7933.08	5.13909	7933.08	5.90847	7935.51	12.0719
1512482953608	25.51	7934.33	3.937	7933.36	5.97829	7933.69	5.08895	7933.8	6.00694	7935.62	11.942
1512482954625	25.5	7936	4.21307	7933.44	6.37103	7934.92	5.37683	7934.16	6.04621	7935.32	11.7118
1512482955651	25.49	7934.56	5.70331	7934.12	6.56582	7934.08	6.04789	7934.52	6.2458	7935.74	11.999
FFC blocked by MainWindow
1512482956724	25.5	7933.56	5.19882	7932.64	6.29073	7932.85	5.87149	7933	6.26498	7934.95	12.0259
1512482957803	25.5	7934.33	4.41588	7933	5.78072	7934	5.16398	7933.56	6.01443	7934.9	11.9286
1512482958858	25.5	7932.67	4.58258	7931.48	6.25913	7932.23	5.37205	7932.16	5.91383	7934.2	12.0395
1512482959859	25.5	7934.22	4.84195	7932.2	6.38357	7933.23	5.70313	7932.88	6.22709	7934.33	12.1978
1512482960907	25.5	7935.22	4.79004	7933.72	6.47765	7934.62	5.4702	7934.16	6.16225	7935.82	12.2828
1512482961920	25.51	7933.89	4.9357	7932.88	6.28039	7933.38	5.33133	7933.28	5.9338	7935.67	12.231
1512482962930	25.51	7936.11	4.5674	7934.4	5.93015	7935.08	5.31447	7934.64	5.84437	7936.02	12.0427
1512482963955	25.51	7934.56	4.55826	7933.24	5.8258	7933.85	5.0637	7933.76	5.66627	7935.8	12.0668
1512482964981	25.51	7933.67	4.41588	7932.2	6.00694	7932.92	5.33013	7932.56	5.81005	7934.65	12.0955
1512482966023	25.51	7935.67	4.4441	7933.84	6.62495	7934.92	5.17142	7934.36	6.19731	7935.41	12.2037
1512482967097	25.51	7933.33	4.69042	7932.08	6.53146	7932.69	5.21831	7932.44	6.00056	7934.59	12.1708
1512482968172	25.51	7932.33	5.17204	7931.92	6.39609	7932.15	5.84303	7932.36	6.36318	7933.94	12.0163
1512482969197	25.51	7933.33	5.2915	7932.48	6.53911	7933	5.68624	7932.92	6.35689	7934.32	12.061
1512482970233	25.51	7933.11	5.71061	7931.88	6.79657	7932.46	6.02239	7932.4	6.54472	7934.36	12.1806
1512482971276	25.51	7931.22	5.51765	7930.76	6.39844	7931	5.67157	7931.2	6.33114	7933.21	12.2682
1512482972299	25.51	7932.67	5.24404	7931.48	6.22575	7932.15	5.58041	7932.04	6.16766	7933.15	12.1325
1512482973316	25.51	7932.33	4.58258	7931.04	6.12019	7931.85	5.22568	7931.6	6.1441	7933.65	12.1672
1512482974341	25.51	7933.89	3.4801	7932.12	5.35662	7933.15	4.01759	7932.68	5.15364	7934.04	11.9591
1512482975481	25.51	7933	4.63681	7931.96	6.57318	7932.69	4.90552	7932.48	6.12454	7934.45	12.1058
1512482976553	25.51	7932.44	4.33333	7931.04	6.30793	7931.85	5.2097	7931.68	6.005	7933.46	11.8304
1512482977583	25.51	7931.11	4.64878	7930.36	6.29735	7930.77	5.34094	7930.8	5.95119	7932.73	11.9831
1512482978656	25.51	7933	3.74166	7932	5.91608	7932.54	4.71903	7932.64	5.52932	7933.66	11.8091
1512482979698	25.51	7931.89	4.48454	7930.72	6.02439	7931.15	5.2097	7931.24	5.89689	7932.99	12.0028
1512482980833	25.52	7929.67	4.3589	7928.6	6.15088	7929	4.98331	7929	5.91608	7931.09	11.8514
1512482981875	25.53	7929.67	4.71699	7928.12	6.26711	7928.69	5.7065	7928.8	6.25167	7931.04	11.9767
1512482982987	25.52	7931	4.74342	7929.84	6.5554	7930.31	5.94957	7930.48	6.52636	7933.24	12.2238
1512482984012	25.51	7932.22	5.47215	7930.76	6.29338	7931.54	6.18621	7931.32	6.11501	7933.85	12.071
1512482985168	25.51	7931.22	4.89331	7930.16	6.16901	7930.62	5.50058	7930.64	5.93633	7932.95	11.9512
1512482986178	25.52	7931.56	5.24669	7929.68	6.36213	7930.69	5.67721	7930.24	6.146	7932.23	11.7735
1512482987267	25.51	7930	4.63681	7928.92	6.23779	7929.77	5.18256	7929.48	6.00777	7931.48	11.9835
1512482988293	25.52	7930.11	4.75511	7928.68	6.33588	7929.54	5.66591	7929.32	6.2498	7931.88	12.0219
1512482989368	25.51	7929.78	5.14242	7928.48	6.58357	7929	5.8023	7928.68	6.28305	7930.98	11.7708
1512482990422	25.51	7929.89	4.8074	7927.84	6.50436	7929	5.78792	7928.24	6.08468	7930.44	12.0337
1512482991434	25.51	7929.22	4.96935	7927.8	6.47431	7928.69	5.85071	7928.32	6.28967	7930.21	12.0268
1512482992448	25.51	7929.33	4.82183	7928.08	6.60757	7928.92	5.57467	7928.44	6.46194	7930.66	11.9782
1512482993499	25.52	7928.89	5.32552	7927.76	6.78405	7928.38	5.96571	7928	6.70199	7930.33	12.0049
1512482994524	25.51	7928.67	5.85235	7927.8	6.77003	7928.23	6.33974	7928.2	6.38357	7930.03	11.9023
1512482995587	25.52	7928.22	5.47215	7927.24	6.54013	7928	5.87367	7927.76	6.58458	7930.51	12.1441
1512482996711	25.52	7928.22	5.47215	7927.24	6.54013	7928	5.87367	7927.76	6.58458	7930.51	12.1441
1512482997803	25.52	7928.22	5.47215	7927.24	6.54013	7928	5.87367	7927.76	6.58458	7930.51	12.1441
Power reboot not successful, Lepton Error -26
Couldn't set the Telemetry location
spi mode: 7
bits per word: 8
max speed: 31200000 Hz (31200 KHz)
FFC blocked by MainWindow
1512483000701	25.15	8321.33	7659.5	7100.2	6920.68	6263.08	7218.15	6207.68	6930.42	7202.72	7435.73
1512483001729	25.2	7981.67	18.0069	7984.68	16.9059	7981.15	17.5492	7981.12	17.3405	7979.41	18.5212
1512483002815	25.25	7973.44	15.836	7975.16	15.3777	7972.69	15.6226	7972.28	15.5283	7971.89	16.5187
1512483003845	25.28	7966.22	11.6916	7968	11.6225	7965.77	12.491	7965.8	12.1312	7966.36	15.2586
1512483004872	25.31	7962.56	8.00174	7962.64	9.64745	7961.69	9.28605	7961.36	9.43787	7962.06	13.7068
1512483005898	25.34	7957.44	6.32675	7957.6	8.0829	7956.92	7.7078	7956.84	7.8032	7958.21	12.7965
1512483006923	25.35	7951.44	5.4569	7951.52	7.08355	7951.46	6.45	7951.28	7.00309	7953.81	12.1428
1512483007949	25.37	7949	5.17204	7948.32	6.64404	7948.54	6.11849	7948.24	6.49538	7950.98	12.1226
1512483008974	25.38	7946.67	5.12348	7945.56	6.85006	7945.92	6.06165	7945.68	6.40781	7948.32	12.0083
1512483010000	25.39	7945.22	5.21483	7943.96	6.4774	7944.54	5.83974	7944.24	6.33298	7946.23	11.9283
1512483011025	25.39	7943	5.43139	7941.76	6.68506	7942.23	5.94634	7941.92	6.36344	7944.3	12.0698
1512483012052	25.41	7942.89	5.1099	7941.8	6.92219	7942.38	5.50058	7942.2	6.29153	7944.76	12.1057
1512483013061	25.41	7942.44	4.92725	7941	6.66458	7941.77	5.64438	7941.52	6.2857	7943.58	12.0254
1512483014087	25.42	7938.89	4.78133	7937.88	6.28039	7938.31	5.46785	7938.28	6.28172	7940.65	12.0299
1512483015129	25.41	7939.33	5.5	7937.88	6.85152	7938.62	6.15817	7938.28	6.47765	7940.47	11.8744
1512483016138	25.42	7937.67	5.19615	7936.96	6.6111	7937.08	5.95065	7937.2	6.41613	7940	12.0416
1512483017164	25.42	7937.67	4.92443	7936.68	6.30952	7937.23	5.03577	7936.92	6.02716	7939.53	11.8454
1512483018229	25.42	7937.11	4.5674	7936.48	6.64655	7936.69	5.20232	7936.84	6.29603	7939.68	12.1381
1512483019246	25.43	7937	4.41588	7936.24	6.48896	7936.46	5.09273	7936.6	6.1101	7939.39	12.1101
1512483020262	25.44	7936.22	5.04425	7934.84	7.01593	7935.62	5.45494	7935.48	6.634	7938.24	12.0415
1512483021395	25.43	7936.11	4.96096	7935.08	6.26445	7935.54	5.47137	7935.8	6.30476	7938.98	12.2159
1512483022406	25.43	7937.33	5.09902	7935.64	6.61992	7936.46	5.78238	7936.2	6.39661	7939.08	12.0662
1512483023448	25.44	7936.33	5.72276	7934.84	6.43351	7935.85	5.91391	7935.44	6.55795	7938.21	12.3473
1512483024552	25.44	7934.78	5.62978	7933.4	6.48717	7934.15	5.81444	7933.84	6.20269	7936.39	12.3592
1512483025658	25.45	7937.33	5.5	7934.96	6.86464	7936	6.13732	7935.52	6.29894	7937.77	12.0499
1512483026801	25.45	7935	5.2915	7933.8	6.62067	7934.08	5.78016	7934.28	6.35426	7937.3	12.1102
1512483027893	25.44	7935.22	5.86894	7933.64	6.61992	7934.46	6.13209	7934.08	6.60126	7936.22	11.9795
1512483028917	25.47	7934.89	5.51009	7933.64	6.36318	7934.23	5.525	7934.12	6.15982	7936.01	12.0723
1512483029943	25.45	7936.89	5.75423	7935.56	6.42962	7936	5.75905	7936.08	6.57597	7937.55	12.1101
1512483030982	25.47	7936.33	6.12372	7934.96	6.52865	7935.38	6.09013	7935.48	6.53274	7936.77	12.0671
1512483032005	25.47	7935.33	5.78792	7934.12	6.82105	7934.62	6.03515	7934.64	6.63877	7937.33	12.1125
1512483033051	25.47	7934.67	5.38516	7933.72	6.88912	7934.15	5.84303	7934.24	6.62873	7936.53	12.1535
1512483034058	25.47	7936.11	5.1586	7934.8	6.68954	7935.08	5.89437	7935.2	6.17117	7936.78	12.0246
1512483035063	25.45	7937.44	5.81187	7935.8	7.07107	7936.69	6.48568	7936.48	6.86246	7937.61	12.2517
1512483036143	25.47	7936.22	5.82619	7934.24	7.0195	7935.62	6.15817	7934.84	6.66258	7936.68	12.1398
1512483037168	25.47	7935	5.33854	7933.6	6.35085	7934.46	5.78238	7934.2	6.44205	7936.47	12.2683
1512483038196	25.45	7935.56	4.85054	7935	6.89807	7935.31	5.72108	7935.32	6.53019	7937.33	12.0569
1512483039223	25.47	7935	4.71699	7934.16	6.48511	7934.54	5.63642	7934.48	6.2458	7936.99	12.27
1512483040314	25.48	7934.56	4.90181	7933.8	6.57647	7934.08	5.57467	7934.32	6.45316	7936.39	12.2525
1512483041350	25.47	7937.22	4.63081	7935.6	6.7082	7936.46	5.73898	7936.56	6.92868	7938.68	12.5237
1512483042416	25.48	7938.33	5.31507	7936.4	6.53835	7937.31	5.58845	7937.08	6.32403	7938.85	12.1047
1512483043501	25.48	7938.22	5.65194	7936.36	6.4671	7937.38	5.81003	7936.84	6.36841	7938.67	12.1189
1512483044642	25.47	7934.89	5.88312	7934.4	6.44851	7934.62	5.8529	7934.96	6.02412	7937.41	12.3539
1512483045781	25.47	7935.22	5.16667	7934.36	6.37626	7934.54	5.75348	7934.72	6.18816	7936.78	12.164
1512483046894	25.48	7937.44	4.61278	7936.2	6.2849	7936.69	5.02302	7936.76	5.81148	7938.43	12.1594
1512483047952	25.48	7937.33	5.43139	7935.68	6.56836	7936.31	5.76461	7936.08	6.13677	7937.67	12.2434
1512483048959	25.48	7936.44	5.57026	7935.24	6.50179	7935.62	5.96571	7935.48	6.18547	7936.76	12.089
1512483049985	25.48	7937	5.12348	7935.4	6.65207	7936	5.8023	7936.12	6.46993	7937.78	12.0734
1512483051077	25.49	7935.33	4.79583	7934.08	6.06163	7934.31	5.13784	7934.68	6.09453	7936.92	12.2331
1512483052150	25.49	7934.89	4.96096	7933.44	6.2788	7933.92	5.51455	7934.04	6.01027	7936.27	12.1818
1512483053263	25.49	7934.89	6.03002	7933.32	6.56201	7934	6.35085	7933.88	6.38566	7935.76	12.2826
1512483054293	25.49	7935.11	5.51009	7933.92	6.33061	7934.23	5.84742	7934.24	6.19328	7936.91	12.2329
1512483055357	25.49	7934.33	5.19615	7933.52	6.48794	7933.62	5.73786	7933.88	6.28702	7936.4	12.133
1512483056383	25.49	7934.44	4.79873	7934.12	6.19355	7934	5.41603	7934.4	6.19139	7937.23	12.0369
1512483057411	25.49	7934.11	4.98609	7933.56	6.4941	7933.69	5.72108	7934.04	6.44515	7936.45	11.9312
1512483058446	25.49	7934.89	5.06074	7933.88	6.4182	7934.46	5.22199	7934.4	6.02771	7936.68	12.253
1512483059472	25.49	7934.44	4.66667	7933.2	6.41613	7933.77	5.46434	7933.68	6.24313	7936.32	12.2597
1512483060485	25.48	7933.78	5.11805	7932.92	6.95174	7933.08	5.96464	7933.52	6.75228	7936.12	12.3278
1512483061517	25.48	7933.33	5.45436	7932.68	6.69403	7932.69	5.90741	7933.56	6.7335	7936.08	12.2725
1512483062548	25.49	7935.78	5.51765	7934.08	6.0685	7934.62	5.97967	7934.72	6.01747	7936.32	12.0623
1512483063562	25.48	7934.78	4.91878	7933.04	6.09973	7933.77	5.65912	7933.56	6.28543	7935.78	12.3312
1512483064588	25.48	7933.89	5.39547	7932.4	6.33772	7933.08	5.80892	7932.96	6.22147	7935.61	12.1847
1512483065619	25.49	7934.22	4.60374	7932.64	6.29735	7933.54	5.69525	7933.24	6.00194	7935.16	12.0662
1512483066639	25.49	7932.11	4.53995	7931.2	6.00694	7931.85	5.39824	7931.56	5.88133	7933.87	11.8185
1512483067712	25.49	7930.67	5.17204	7929.84	6.50436	7930.38	5.70874	7930.24	6.27349	7933.2	12.0551
1512483068721	25.48	7933.11	5.37225	7932.08	6.75722	7932.62	5.96571	7932.52	6.70274	7934.81	11.9959
1512483069843	25.49	7935.56	4.33333	7934.76	5.81148	7935.31	5.03959	7935.24	5.80431	7936.65	11.9023
1512483070867	25.49	7934.44	4.8247	7933.2	6.48717	7933.85	5.63983	7933.8	6.23832	7935.23	12.1318
1512483071882	25.49	7934.11	4.98609	7932.88	6.46349	7933.54	5.78238	7933.52	6.27907	7934.77	12.04
1512483072950	25.49	7933	4.84768	7931.96	6.74216	7932.23	5.46434	7932.24	6.62873	7933.83	12.1943
1512483074047	25.5	7932.67	4.92443	7931.24	6.3264	7932	5.36967	7931.92	6.21101	7933.59	12.0392
1512483075072	25.49	7932.11	5.13431	7931	6.39661	7931.46	5.83974	7931.6	6.27163	7933.24	12.0808
1512483076098	25.5	7933.67	4.63681	7931.84	6.56176	7932.54	5.42549	7932.44	6.02135	7933.27	12.1136
1512483077124	25.49	7931.33	4.52769	7930.12	6.33325	7930.77	5.23058	7930.64	6.29073	7932.29	12.1359
1512483078149	25.48	7931.44	5.22281	7930.6	6.31796	7930.92	5.99252	7930.88	6.18681	7932.72	11.8658
1512483079231	25.49	7931.67	5.31507	7930.52	6.15846	7930.85	5.85728	7930.88	6.1327	7933.01	11.7938
1512483080434	25.49	7932.44	4.79873	7931.24	6.35269	7931.62	5.50058	7931.64	6.17036	7933.35	11.7544
1512483081438	25.51	7932.44	4.85054	7930.92	6.60126	7931.69	5.93555	7931.32	6.3293	7932.99	11.9017
1512483082479	25.49	7931.56	5.0277	7930.24	6.40495	7930.85	5.7278	7930.72	6.45833	7932.73	11.8626
1512483083514	25.49	7933.67	5.22015	7931.32	7.0812	7932.23	5.98824	7931.84	6.42703	7933.35	11.9395
1512483084531	25.49	7931.89	5.23078	7930.8	6.36396	7931.38	5.5308	7931.28	5.94082	7933.01	11.7597
1512483085541	25.5	7930.89	5.37225	7930.72	6.01747	7931.23	5.57007	7931.24	6.04345	7933.66	11.8891
1512483086566	25.51	7930.56	4.8247	7930.32	5.81464	7930.77	5.29392	7930.8	5.72276	7932.63	11.9074
1512483087592	25.51	7929.89	4.85913	7929	5.91608	7929.46	5.47137	7929.28	5.74833	7930.95	11.9882
1512483088621	25.51	7930	5.07445	7929.16	6.2094	7929.46	5.70987	7929.48	6.18547	7931.45	11.973
1512483089660	25.5	7932.67	4.94975	7931.32	6.16252	7931.92	5.693	7931.88	6.1327	7933.07	12.0111
1512483090685	25.5	7931.89	5.0111	7930.28	6.01055	7930.92	5.89437	7930.88	6.18681	7932.61	11.9343
1512483091711	25.51	7932.22	5.8476	7930.76	6.73474	7931.46	6.29306	7931.24	6.71615	7933.41	12.0781
1512483092835	25.51	7932.33	5.87367	7930.68	6.78675	7931.54	6.14567	7931.12	6.9	7933.44	12.1423
1512483093928	25.51	7931.22	5.04425	7930.4	6.16441	7930.77	5.81885	7930.84	6.36841	7933.27	12.0546
1512483095015	25.51	7931.89	5.20683	7930.44	5.9096	7931.08	5.46903	7930.92	6.33719	7933.03	12.0441
1512483096042	25.51	7931.67	4.5	7930.44	5.88841	7931.15	5.1291	7931.08	5.95763	7933.44	12.0436
1512483097067	25.5	7932.67	5.52268	7931.28	6.76092	7932	6.17792	7932	6.88598	7934.53	11.9744
1512483098093	25.51	7931.33	5.45436	7929.72	6.25513	7930.54	5.83974	7930.4	6.34429	7932.52	11.9321
1512483099119	25.51	7931.33	6.245	7929.52	6.65282	7930.23	6.44404	7930.08	6.67033	7932.21	11.9844
1512483100134	25.51	7930.56	5.72519	7928.88	6.47637	7929.54	6.09119	7929.44	6.48126	7931.2	12.0037
1512483101170	25.51	7931.11	6.86375	7929.52	7.22334	7930	6.87992	7930.08	7.14679	7931.82	12.001
1512483102195	25.51	7931.44	5.54777	7929.56	6.85614	7930.46	6.07749	7930.32	6.66283	7931.86	12.1927
1512483103221	25.51	7930.11	5.0111	7928.64	6.70124	7929.23	5.74679	7929.32	6.53019	7930.84	12.0762
1512483104252	25.51	7931.56	4.95255	7929.76	6.43091	7930.31	5.67721	7930.2	6.46142	7931.66	11.9346
1512483105289	25.5	7931.22	4.84195	7930.24	6.77791	7930.23	5.93231	7930.6	6.57647	7931.83	12.0058
1512483106330	25.51	7931.78	4.63081	7930.32	6.13542	7930.85	5.39824	7930.8	5.95119	7932.45	11.8096
1512483107335	25.51	7931.33	5.83095	7930.04	6.88888	7930.46	6.15921	7930.44	6.60227	7931.63	11.8724
1512483108362	25.51	7930.67	5.17204	7929.32	6.58103	7929.85	5.68399	7929.92	6.38305	7931.58	12.0362
1512483109473	25.51	7929.67	4.69042	7928.56	5.85292	7929	5.22813	7928.96	5.68243	7931.31	12.037
1512483110494	25.51	7929.11	5.44161	7928.08	6.55693	7928.38	5.90958	7928.28	6.11365	7930.18	12.1179
1512483111526	25.52	7928	5.19615	7927.2	6.69577	7927.31	5.73563	7927.24	6.54013	7929.57	12.2205
1512483112630	25.52	7929.33	4.82183	7927.96	6.18789	7928.15	5.56546	7928.16	6.11474	7930.55	12.0125
1512483113640	25.51	7927.44	5.0525	7926	6.04842	7926.46	5.33253	7926.36	5.96434	7928.94	11.9531
1512483114657	25.51	7928.67	5.22015	7927.76	6.39192	7927.69	5.55855	7928.16	6.58711	7930.31	11.9166
1512483115741	25.51	7929.44	5.68135	7927.8	6.7082	7928.08	6.04789	7927.96	6.57318	7930.49	12.1141
1512483116791	25.51	7930.56	5.52519	7928.36	6.78159	7929.54	5.92474	7929.08	6.46091	7930.18	12.001
1512483117794	25.51	7930.11	5.06074	7928.32	6.34245	7929.23	5.34094	7929.04	5.77697	7931.06	11.9234
1512483118799	25.51	7928.67	4.47214	7927.16	6.10109	7928	5.03322	7927.8	5.87367	7929.72	11.8408
1512483119970	25.51	7927.67	4.272	7926.44	6.09699	7926.85	5.19368	7926.72	6.17468	7929.05	12.0287
1512483121016	25.5	7929.56	5.07718	7928.12	6.46993	7928.77	5.64438	7928.48	6.47508	7929.65	12.0096
1512483122049	25.5	7928.11	4.48454	7927.56	6.06273	7927.85	5.01408	7927.88	5.73963	7930.75	12.0351
1512483123096	25.51	7927.78	4.68449	7927.16	6.10109	7927.31	5.37563	7927.44	5.99361	7930.15	11.8885
1512483124147	25.5	7929.56	4.6398	7928.48	5.77437	7928.85	4.93028	7928.88	5.54767	7931.08	11.8524
1512483125327	25.51	7930.67	4.94975	7928.6	6.29815	7929.62	5.5308	7929.24	5.71022	7931.32	12.0826
1512483126368	25.51	7926.44	4.90181	7925.24	6.24687	7925.77	5.35652	7925.92	5.89435	7928.73	11.9556
1512483127381	25.51	7928.56	4.87625	7926.96	6.26152	7927.38	5.73786	7927.32	5.9911	7929.85	11.8675
1512483128385	25.5	7930.22	5.44926	7928.56	6.62747	7929.15	5.94203	7929.08	6.19085	7930.44	11.8312
1512483129416	25.5	7930.22	5.16667	7928.52	6.08358	7929.38	5.69413	7929.12	5.81893	7930.69	11.6728
1512483130438	25.5	7927.22	5.40319	7925.8	6.44205	7926.38	5.70874	7926.36	6.10246	7928.34	11.9298
1512483131646	25.51	7927.44	5.31769	7926	6.13732	7926.54	6.09119	7926.32	6.25646	7928.58	11.9384
1512483132957	25.5	7926.11	5.0111	7924.72	6.1	7925.23	5.74679	7925.16	5.8714	7927.3	11.841
1512483134059	25.51	7926.33	4.55522	7925.04	6.07234	7925.69	5.61819	7925.64	6.05447	7928.54	11.9722
1512483135063	25.5	7929.22	5.26255	7927.84	6.40755	7928.46	5.78238	7928.4	6.55744	7930.2	12.0798
1512483136207	25.5	7928.89	4.83333	7927.48	6.00777	7928.15	5.35173	7928.08	5.97857	7930.3	12.0109
1512483137217	25.5	7928.89	4.31406	7927.4	5.67157	7928.08	4.71631	7928	5.56776	7930.03	12.005
1512483138242	25.51	7928.22	5.33333	7926.92	6.39609	7927.46	5.79677	7927.32	6.51741	7929.78	12.0384
1512483139347	25.51	7929.78	5.42627	7927.84	6.74957	7928.77	5.64438	7928.56	6.42962	7930.45	11.9973
1512483140373	25.51	7930.33	4.09268	7928.8	5.78072	7929.77	4.6575	7929.28	5.63116	7930.54	11.9843
1512483141492	25.51	7928.56	4.61278	7926.8	6.10328	7927.62	5.45494	7927.2	6.01387	7928.88	11.9689
1512483142580	25.51	7927.56	5.38774	7925.92	6.2711	7926.46	5.547	7926.32	6.22977	7928.64	11.9479
1512483143614	25.51	7930.22	5.42627	7928.12	6.28039	7929.38	5.81003	7928.8	6.15088	7930.25	11.8845
1512483144687	25.51	7930.11	5.23078	7928.36	6.17036	7929.31	5.60334	7929.04	6.2482	7930.84	11.9085
1512483145720	25.52	7929.67	5.19615	7927.84	6.45291	7928.46	5.69525	7928.36	6.29735	7931.03	12.1348
1512483146756	25.52	7929.22	5.16667	7927.04	6.31453	7927.92	5.3923	7927.72	6.18816	7929.69	11.7326
1512483147780	25.52	7928.22	4.94413	7926.6	6.30476	7927.08	5.61933	7927	6.0208	7928.98	11.987
1512483148805	25.52	7926.44	4.44722	7925.68	6.18277	7926	4.91596	7926.2	5.98609	7928.41	12.0755
1512483149831	25.51	7927.44	4.8247	7926.52	6.42988	7926.85	5.22568	7927.24	6.31981	7928.67	11.9183
1512483151014	25.51	7927.67	4.41588	7926.64	6.08879	7926.92	5.21954	7927.16	5.9279	7929.08	11.9536
1512483152111	25.51	7927.33	4.24264	7926.4	6.33114	7926.85	4.93028	7927	6.13732	7928.68	12.0364
1512483153197	25.51	7929.33	5.04975	7927.72	6.04511	7928.62	5.51571	7928.48	5.6282	7930.22	11.8501
1512483154285	25.51	7928.67	5	7927.04	5.99639	7927.62	5.5308	7927.6	6.03462	7929.5	11.8053
1512483155330	25.5	7929.44	5.17472	7927.72	6.08632	7928.62	5.3625	7928.48	6.0147	7930.09	11.851
1512483156361	25.51	7928.67	4.74342	7927.08	6.14356	7927.77	5.18256	7927.6	5.89491	7929.44	12.0782
1512483157467	25.51	7928.56	5.41089	7927.72	6.1544	7927.92	5.76573	7928.2	6.15765	7929.99	11.9691
1512483158619	25.51	7928.33	5.59017	7927.24	6.37234	7927.54	5.79677	7927.84	6.44645	7929.73	12.1107
1512483159645	25.51	7928	4.84768	7926.76	6.46967	7927.15	5.50524	7927.36	6.19731	7929.2	12.0018
1512483160670	25.51	7928.44	4.09607	7926.84	5.83581	7927.77	4.32346	7927.56	5.51574	7928.9	11.7582
1512483161715	25.51	7929.44	5.07718	7926.76	6.68506	7928.15	5.7857	7927.4	6.41613	7928.86	11.8983
1512483162742	25.51	7927.67	4.8734	7925.52	6.44929	7926.54	5.48658	7926.28	6.11365	7928.55	12.0731
1512483163849	25.51	7928.56	5.89727	7926.48	6.75228	7927.46	6.18621	7927.2	6.74537	7928.85	11.805
1512483164874	25.51	7927.44	5.29413	7926.12	6.46993	7926.77	5.55509	7926.6	6.11692	7928.9	11.8474
1512483165900	25.5	7929.22	4.81606	7927.28	6.36736	7928.31	5.34454	7927.96	5.82008	7929.22	11.6859
1512483167054	25.51	7928	4.52769	7926.8	6.0553	7927.46	5.0434	7927.28	5.66068	7929.19	11.7611
1512483168163	25.5	7927.89	5.39547	7926.4	6.2849	7927.08	5.5896	7927	6.20484	7928.57	11.8289
1512483169205	25.5	7928.22	4.89331	7926.6	6.08961	7927.15	5.75682	7927.32	6.15576	7929.24	11.6367
1512483170231	25.5	7927	5.12348	7925.96	6.6111	7926.23	5.71772	7926.4	6.5192	7928.78	11.8817
1512483171256	25.5	7926.89	4.37163	7925.76	6.46967	7925.92	5.26722	7926.16	6.28941	7928.1	11.9395
1512483172266	25.5	7927.44	5.22281	7926.56	6.21879	7926.69	5.54353	7927.12	6.16658	7929.33	11.9179
1512483173291	25.5	7929.22	4.84195	7927.8	6.33772	7928.54	5.28544	7928.6	6.08276	7930.41	12.1284
1512483174431	25.5	7927.89	4.31406	7926.12	6.02993	7927.08	4.92378	7926.8	5.73004	7929.23	11.9391
1512483175473	25.51	7927.78	4.23609	7926.32	5.96322	7927	4.69042	7926.96	5.82008	7929.18	11.7807
1512483176508	25.5	7927.78	5.11805	7926.12	6.5785	7926.69	5.48307	7926.8	6.46787	7928.61	11.7849
1512483177533	25.5	7927.33	5.24404	7926.2	6.245	7926.54	5.3637	7926.6	6.29815	7928.33	12.0058
1512483178596	25.5	7928.78	4.96935	7926.48	6.67782	7927.69	5.29756	7927.28	6.10683	7929.09	12.0354
1512483179689	25.49	7927.56	4.90181	7926	6.35741	7926.69	5.1216	7926.56	5.8458	7928.62	11.7897
1512483180699	25.49	7928.44	4.77261	7927.8	5.84523	7928.23	5.19862	7928.24	5.8258	7930.38	11.8087
1512483181751	25.49	7930	4.66369	7927.56	6.47482	7929	5.27573	7928.16	6.07371	7930.01	12.0232
1512483182819	25.49	7928.44	4.95255	7927.48	6.634	7927.92	5.45377	7928.08	6.78184	7930.07	12.204
1512483183840	25.5	7929.67	5.40833	7928.4	7.14726	7928.85	5.77128	7928.72	7.17937	7929.98	11.9205
1512483184877	25.49	7929.67	4.4441	7928.72	6.83447	7929.23	5.10153	7929.16	6.47225	7930.49	11.9225
1512483185968	25.49	7929.22	4.63081	7928.16	6.30925	7928.69	5.20232	7928.56	6.11746	7930.05	11.8859
1512483187091	25.49	7930.22	4.81606	7928.6	6.39661	7929.46	5.48658	7929.12	6.30687	7930.24	11.8373
1512483188135	25.49	7927.89	4.31406	7926.88	5.93942	7927.31	4.83709	7927.4	6.06218	7928.88	11.8956
1512483189208	25.49	7927.56	4.61278	7926.44	6.4361	7926.92	5.29877	7926.92	6.4221	7929.26	12.1683
1512483190386	25.49	7928.56	4.53076	7927.28	6.18142	7927.77	5.27816	7927.92	6.2043	7930.44	12.1513
1512483191431	25.49	7926.89	5.66667	7925.64	6.51844	7926	6.09645	7926.2	6.55744	7928.36	11.9357
1512483192551	25.49	7927.33	6.0208	7925.76	6.43091	7926.54	6.02239	7926.24	6.44386	7929.01	12.0396
1512483193652	25.49	7926.44	4.77261	7925.08	5.94362	7925.62	5.14034	7925.72	5.79885	7927.69	12.0785
1512483194716	25.48	7927.44	5.19882	7925.8	6.40312	7926.54	5.57697	7926.4	6.43558	7928.91	12.1251
1512483195742	25.49	7928.11	4.83333	7927.2	6.27163	7927.54	5.18998	7927.92	6.06163	7929.68	12.0295
1512483196783	25.49	7929.33	5.2915	7927.92	6.73251	7928.62	6.14462	7928.68	6.8661	7931.05	12.3509
1512483197917	25.49	7929.67	5.12348	7928.44	6.26551	7928.92	5.78016	7929.16	6.40755	7931.09	11.8983
1512483198948	25.48	7928.44	5.27046	7927.44	6.41015	7927.77	6.07116	7928	6.21155	7930.12	11.8239
1512483199986	25.49	7928.78	5.26255	7927	6.30476	7927.54	5.98074	7927.44	6.12427	7929.61	11.8717
1512483201033	25.48	7926.56	5.29413	7925.4	6.59545	7925.85	5.99786	7925.84	6.51716	7928.6	11.9819
1512483202055	25.49	7927.78	4.86769	7926	6.38357	7926.92	5.693	7926.64	6.31717	7928.59	11.9575
1512483203156	25.49	7928.22	5.16667	7926.88	6.22709	7927.62	5.5308	7927.52	6.16523	7929.64	11.8376
1512483204175	25.49	7928	5.04975	7926.4	6.48717	7927.08	5.70762	7926.92	6.11637	7929.17	11.7636
1512483205201	25.49	7928.67	5.19615	7926.88	6.70398	7927.92	5.5896	7927.52	6.33193	7928.36	11.7333
1512483206286	25.49	7928.67	5.22015	7928.2	6.27827	7928.08	5.54469	7928.52	6.13134	7930.02	11.7413
1512483207315	25.48	7927.56	5.15051	7926.72	6.18142	7926.85	5.45964	7926.84	6.00472	7929.08	11.6835
1512483208346	25.49	7928.44	5.17472	7926.76	6.5909	7927.69	5.45259	7927.08	6.04786	7929.18	11.7515
1512483209366	25.49	7925.67	5.43139	7924.88	6.82105	7925.15	6.09434	7925.12	6.54675	7927.58	11.9035
1512483210459	25.49	7926.22	5.65194	7925.52	6.67158	7925.69	5.97752	7925.84	6.59343	7928.45	11.9534
1512483211485	25.5	7926	5.3619	7924.92	6.74487	7925.38	5.8813	7925.4	6.81298	7928.17	11.9936
1512483212553	25.49	7927.67	5.09902	7926.12	7.04935	7926.77	6.016	7926.36	6.8	7928.25	11.9652
1512483213650	25.49	7928	5.93717	7926.28	7.17937	7927.15	6.20277	7926.8	6.65207	7928.93	11.919
1512483214731	25.5	7926.56	4.97773	7926.08	6.19085	7926	5.38516	7926.2	6.23164	7929.09	11.8247
1512483215761	25.49	7927.11	4.98609	7925.76	5.88982	7926.38	5.28423	7926.32	5.86458	7928.76	11.7849
1512483216844	25.49	7927.78	6.26055	7926.72	6.93133	7926.92	6.33063	7927.08	6.87944	7929.2	12.001
1512483217887	25.49	7926.89	5.39547	7925.92	6.57597	7926.15	5.91391	7926.32	6.36213	7928.24	11.8126
1512483218968	25.5	7925.78	5.23874	7925	6.74537	7925.15	5.87149	7925.36	6.53758	7927.97	11.8962
1512483220044	25.5	7925.11	5.06074	7924.44	6.20537	7924.69	5.48307	7924.88	6.1259	7926.73	12.0048
1512483221069	25.5	7925.22	5.51765	7924.08	6.61387	7924.77	5.79013	7924.64	6.4348	7926.48	11.9818
1512483222115	25.49	7927.44	6.06447	7925.84	6.98021	7926.77	5.94634	7926.36	6.59469	7927.54	11.8686
1512483223120	25.49	7926.89	4.45658	7926.28	6.19489	7926.46	5.45612	7926.52	6.063	7927.82	12.1938
1512483224171	25.5	7926.33	4.94975	7925.6	6.49359	7925.85	5.35173	7925.88	6.00916	7927.39	11.9748
1512483225238	25.49	7925	5.31507	7924.76	6.80857	7924.69	5.96356	7924.92	6.50589	7926.83	12.0289
1512483226300	25.5	7926.67	5.61249	7925.24	6.8208	7926.15	6.01174	7925.84	6.48511	7927.25	12.0528
1512483227376	25.48	7928.78	5.86894	7927.16	6.40755	7928.08	6.08908	7927.6	6.49359	7929.17	11.8685
1512483228465	25.49	7930.44	4.74634	7928.56	6.19193	7929.62	5.17266	7929.08	5.68565	7929.78	11.791
1512483229491	25.5	7928.78	5.06897	7927.2	6.08961	7928	5.49242	7927.52	5.98693	7928.75	11.9177
1512483230521	25.49	7926.33	5.65685	7924.88	6.13949	7925.77	5.79013	7925.28	6.19489	7926.9	11.9245
1512483231532	25.5	7925.44	5.19882	7924.24	6.2	7924.62	5.50058	7924.52	6.31216	7926.89	12.0224
1512483232571	25.5	7926.33	5.26783	7925.12	6.4182	7925.77	5.47957	7925.6	6.17792	7927.11	11.8856
1512483233591	25.5	7926.89	5.06074	7926.56	6.33824	7926.54	5.86821	7926.6	6.3705	7928.27	11.7002
1512483234663	25.5	7926	5.38516	7925.48	6.46864	7925.62	5.51571	7925.8	6.63953	7928.75	11.9417
1512483235758	25.5	7927.22	6.03692	7926.48	6.78921	7926.85	5.85728	7927	6.9282	7929.92	12.1309
1512483236784	25.5	7929.11	5.73246	7927.52	6.44283	7928.62	5.83864	7928.12	6.40521	7929.86	12.1195
1512483238045	25.5	7928.89	5.92546	7927.8	6.5	7928.62	6.21206	7928.24	6.77791	7929.78	12.0042
1512483239175	25.49	7927.89	5.51009	7926.76	6.19328	7927.69	5.55855	7927.24	6.34613	7929.62	11.8878
1512483240200	25.49	7929.44	5.19882	7928.32	6.51102	7929	5.32291	7928.92	6.07536	7930.58	11.8803
1512483241213	25.49	7930.22	4.68449	7928.92	6.19758	7929.46	5.3637	7929.44	6.13786	7931.31	11.9702
1512483242255	25.48	7929.78	5.23874	7929.04	6.50308	7929.15	5.75682	7929.44	6.22549	7931.68	11.9517
1512483243269	25.5	7931.33	5.19615	7929.64	6.42184	7930.77	5.43375	7930.28	6.10683	7933.39	12.3081
1512483244290	25.48	7929.78	5.42627	7928.68	6.89638	7929.15	5.81444	7929.24	6.69751	7932.16	12.336
1512483245315	25.49	7930.22	5.56277	7929.08	6.61387	7929.69	5.89328	7929.56	6.67133	7931.89	12.1996
1512483246446	25.49	7931.22	6.30035	7930.08	7.13512	7930.46	6.50148	7930.24	6.88767	7932.17	12.2985
1512483247489	25.49	7930.78	5.71791	7929.76	7.11969	7930	6.20484	7930.04	7.02068	7932.22	12.1126
1512483248621	25.49	7933.44	5.43395	7931.68	7.11641	7932.54	6.35892	7932.28	7.04462	7934.24	12.1426
1512483249760	25.48	7932.67	5.2915	7931.16	6.62495	7931.77	5.96034	7931.64	6.47354	7934.3	12.0827
1512483250870	25.49	7932.22	5.82619	7930.88	6.75968	7931.69	5.94957	7931.52	6.48794	7934.15	11.9704
1512483251925	25.5	7933.33	5.47723	7931.28	7.02092	7932.62	6.19864	7932.24	6.88767	7934.27	12.1166
1512483252967	25.49	7930.78	5.49495	7929.32	6.83569	7930.23	6.32658	7930.2	7	7932.92	12.0564
1512483254004	25.49	7932.11	4.8074	7930.8	6.50641	7931.54	5.53196	7931.08	6.12318	7933.17	11.9261
1512483255047	25.5	7932.89	5.1099	7931.12	6.66033	7932	6.04152	7931.64	6.25753	7933.34	11.9989
1512483256158	25.5	7932.33	5.19615	7930.64	6.49923	7931.54	5.92474	7931.28	6.48408	7933.02	11.9229
1512483257183	25.5	7932.11	5.55528	7930.52	6.57723	7931.23	6.13941	7931.16	6.57445	7932.43	11.7183
1512483258395	25.49	7933.22	5.696	7931.84	7.12203	7932.62	6.09013	7932.08	7.27393	7933.61	12.0035
1512483259575	25.5	7932.44	5.57026	7930.6	7.15891	7931.46	6.37201	7931.16	6.90821	7933.21	12.1436
1512483260651	25.5	7930	5.95819	7928.32	6.66908	7928.92	6.34378	7928.8	6.89807	7931.49	12.0766
1512483261847	25.5	7930	5.45436	7928.2	6.50641	7929.23	5.89002	7928.84	6.37495	7930.99	11.9367
1512483262865	25.5	7929.67	5.56776	7928.04	6.57318	7929	5.87367	7928.6	6.33114	7930.86	11.9057
1512483263889	25.5	7932.11	5.62238	7931	7.19375	7931.38	6.35791	7931.4	7.30297	7933.15	12.1275
1512483264916	25.5	7930.67	5.24404	7929.64	6.58837	7930.08	5.60449	7930.16	6.69378	7931.75	12.0646
1512483265945	25.51	7929.44	5.70331	7928	6.81298	7928.62	6.1038	7928.52	6.96491	7930.64	12.1262
1512483266970	25.51	7930	5.31507	7928.88	6.42469	7929.31	6.07433	7929.36	6.44127	7931.19	12.1067
1512483268010	25.5	7929.11	5.90433	7927.64	6.81224	7928.31	6.54961	7928.24	6.81469	7931.1	12.2524
1512483269084	25.51	7927.89	5.18277	7927.48	6.22575	7927.62	5.67947	7928.12	6.28039	7930.28	12.0193
1512483270159	25.5	7928.44	6.12599	7927	6.7082	7927.92	6.30425	7927.76	6.58458	7929.72	11.7839
1512483271212	25.51	7930	5.04975	7928.2	6.43558	7929	5.84523	7928.68	6.4208	7929.89	11.8237
1512483272273	25.5	7927.78	5.47215	7927.16	6.8049	7927.23	5.73227	7927.48	6.68406	7929.17	11.9398
1512483273366	25.51	7929.78	4.81606	7928.16	5.80718	7929	4.98331	7928.76	5.57734	7929.88	11.7532
1512483274505	25.51	7927.89	4.62181	7926.4	5.87367	7927	5.03322	7926.96	5.97551	7929.04	11.8107
1512483275531	25.51	7925.56	5.17472	7925.2	6.87386	7925.08	5.51455	7925.56	6.73968	7927.62	12.0099
1512483276594	25.5	7925.44	5.38774	7925.04	6.39974	7925.08	5.5896	7925.48	6.37129	7927.46	11.96
1512483277634	25.5	7924.67	5.5	7924.24	6.33956	7924.23	5.74679	7924.48	6.50718	7927.15	11.7634
1512483278649	25.49	7926.56	5.10174	7926.16	6.8049	7926.54	5.547	7926.56	6.60227	7928.24	11.7383
1512483279732	25.5	7926.44	5.41089	7925.6	6.57013	7926.38	5.70874	7926.08	6.50589	7927.77	11.8313
1512483280773	25.5	7926.22	5.62978	7925.16	6.58078	7925.69	5.93555	7925.48	6.51358	7927.95	11.881
1512483281897	25.5	7926.89	5.27836	7925.04	6.68007	7926.08	5.95065	7925.56	6.6463	7927.65	11.8546
1512483282951	25.5	7925.33	4.94975	7923.68	6.24313	7924.69	5.52848	7924.36	6.4864	7927.39	12.1179
1512483283964	25.51	7926	5.12348	7924.6	6.84349	7925.23	5.86165	7925.16	6.63752	7927.95	12.2911
1512483284999	25.49	7925.44	4.47524	7924.32	6.14898	7925	4.74342	7924.88	6.32007	7928.03	12.2306
1512483286015	25.5	7927.11	4.62181	7925.12	6.2538	7926.08	5.3923	7925.68	6.05337	7928.19	12.0906
1512483287041	25.5	7925.67	4.97494	7924.44	6.37756	7924.85	5.94203	7924.68	6.45962	7927.19	12.074
1512483288079	25.5	7928.33	5.19615	7926.52	6.40391	7927.38	5.75237	7926.84	6.36187	7928.51	11.8106
1512483289093	25.5	7927.22	5.1908	7925.84	6.46581	7926.54	5.547	7926.12	6.21369	7928.03	12.0785
1512483290232	25.49	7926.11	5.57773	7925.08	6.55057	7925.62	6.06271	7925.48	6.4169	7927.32	12.212
1512483291242	25.51	7926.44	5.0277	7925.16	5.98387	7926.08	5.12285	7925.68	5.87878	7927.52	12.1801
1512483292295	25.5	7926.22	5.35672	7924.88	6.51485	7925.69	5.72108	7925.24	6.45032	7927.05	11.9043
1512483293321	25.49	7924.56	4.97773	7923.72	6.59242	7924.23	5.64438	7924	6.31796	7926.15	11.8704
1512483294371	25.5	7925.89	4.67559	7925.64	6.29073	7925.92	5.33013	7926.04	6.31453	7928.53	11.8212
1512483295459	25.5	7925.67	5.22015	7924.72	6.52891	7925.23	6.02984	7925.04	6.6048	7926.93	12.0317
1512483296500	25.5	7927.33	4.7697	7925.8	6.245	7926.62	5.40892	7926.16	6.39453	7927.52	11.9753
1512483297526	25.5	7924.89	5.46453	7924.2	6.23164	7924.62	5.81003	7924.52	6.62143	7926.69	12.1547
1512483298560	25.5	7925.67	5.47723	7924.4	6.3705	7925.08	5.51455	7924.96	6.43221	7926.76	11.7911
1512483299610	25.5	7924.56	5.07718	7923.36	6.38279	7924	5.35413	7923.84	6.32903	7926.07	11.7715
1512483300717	25.5	7923.56	4.87625	7922.16	6.28278	7923.08	5.10656	7922.84	6.18924	7924.93	11.9437
1512483301742	25.5	7925.89	5.20683	7924.36	6.02688	7924.92	5.25137	7924.6	6.02771	7925.65	11.8817
1512483302768	25.5	7923	5.02494	7922.28	5.69737	7922.54	5.18998	7922.68	5.91411	7924.92	11.7207
1512483303778	25.5	7924	5.65685	7922.84	6.31585	7923.23	5.73227	7923.24	6.13243	7925.19	11.905
1512483304803	25.49	7923.33	5.54527	7922.4	6.6458	7922.62	6.06271	7922.84	6.7619	7925.26	11.7906
1512483305959	25.5	7926.22	5.21483	7925.08	6.40911	7925.69	5.61819	7925.56	6.29868	7927.07	11.6829
1512483307006	25.49	7926.89	5.62238	7926.32	6.31612	7926.85	5.85728	7926.72	6.54166	7928.61	11.9887
1512483308061	25.49	7927.56	5.57026	7926.2	6.23164	7927.08	5.60449	7926.72	6.35426	7928.37	11.9629
1512483309150	25.5	7926.78	5.14242	7925.52	6.34508	7926.23	5.55509	7926.16	6.40104	7927.54	12.1248
1512483310177	25.5	7926.22	4.73756	7925.28	6.29497	7926	5.2915	7925.88	6.56582	7927.39	11.8458
1512483311185	25.49	7925.56	4.97773	7924.52	6.51358	7925.23	5.34094	7925.08	6.38957	7926.3	11.8424
1512483312211	25.5	7928.33	5.3619	7926.44	6.57064	7927.54	5.73898	7927.32	6.23645	7928.24	11.7601
1512483313367	25.5	7926.33	4.89898	7925.24	6.08468	7926.08	5.52964	7925.72	6.07262	7927.44	11.7685
1512483314393	25.5	7927.22	4.86769	7925.56	6.11746	7926.38	5.25259	7925.96	5.92649	7927.6	11.9588
1512483315402	25.49	7928	5.43139	7926	6.35085	7927.15	5.58041	7926.6	6.27163	7927.91	11.8538
1512483316444	25.49	7926.11	5.0111	7924.72	6.4195	7925.31	5.48307	7925.04	6.45161	7927.22	12.1684
1512483317518	25.49	7928	5.54527	7926.72	6.70522	7927.08	6.30425	7927.04	6.6863	7929.33	11.8583
1512483318593	25.49	7929.44	5.15051	7927.08	6.30423	7928.23	6.05742	7927.56	6.34481	7928.63	11.9052
1512483319699	25.5	7928.67	4.82183	7926.6	6.29153	7927.85	5.19368	7927.48	6.0147	7928.65	12.0787
1512483320758	25.5	7927.89	4.62181	7925.52	6.1041	7927	5.16398	7926.4	6.21825	7928.15	11.873
1512483321832	25.5	7929.22	5.54026	7927.12	6.5785	7928.38	5.70874	7927.8	6.5192	7928.88	11.9875
1512483322940	25.49	7926.22	5.5852	7924.84	6.61866	7925.92	5.75125	7925.68	6.77446	7927.69	12.1422
1512483323988	25.49	7926.56	5.52519	7925.32	6.51102	7926.08	5.95065	7925.88	6.58483	7928.25	12.0662
1512483324991	25.5	7925.78	5.30984	7924.28	6.32139	7925.31	5.83645	7924.96	6.43221	7927.22	12.1418
1512483326000	25.5	7925.11	5.32552	7923.84	6.52355	7924.69	5.82215	7924.4	6.48717	7926.75	12.0191
1512483327042	25.5	7925.56	4.87625	7924.92	6.06163	7925.38	4.97558	7925.44	6.39713	7927.37	12.1026
1512483328267	25.5	7925.78	5.73973	7925.28	6.51613	7925.38	5.72332	7925.72	6.47122	7927.81	12.1036
1512483329321	25.48	7927.78	4.94413	7927	6.16441	7927.38	5.4243	7927.48	6.19892	7928.65	11.9996
1512483330458	25.49	7925.33	5.14782	7924.6	6.08276	7924.62	5.57582	7924.88	6.59116	7928.04	12.091
1512483331498	25.5	7925.78	5.44926	7925.2	6.48717	7925.31	5.32892	7925.56	6.09016	7927.95	12.0296
1512483332543	25.5	7927.67	4.8734	7926.2	6.19812	7926.85	5.35173	7926.84	6.47225	7928.47	11.9792
1512483333547	25.5	7926.22	5.14242	7925.2	6.0208	7925.62	5.39349	7925.84	6.01166	7927.84	11.9229
1512483334553	25.49	7925.44	5.70331	7924.64	6.31057	7925.08	5.64892	7925.28	6.32139	7927.74	11.8637
1512483335640	25.5	7927	4.8734	7925.16	6.03932	7926.38	4.75287	7926	6.00694	7927.68	11.8998
1512483336672	25.49	7926.22	4.38115	7925	5.80948	7925.62	4.68221	7925.52	5.82466	7927.32	11.8823
1512483337767	25.48	7926.67	5.47723	7925.36	5.86572	7926.38	5.54585	7925.96	6.02412	7927.72	11.6929
FFC blocked by MainWindow
1512483338780	25.49	7928.78	5.23874	7926.84	6.65006	7928	5.55278	7927.44	6.33824	7929.59	12.143
1512483339807	25.49	7928.11	5.44161	7926.4	6.35741	7927.54	5.50175	7927.08	6.2711	7929.67	12.1734
1512483340840	25.5	7927.89	5.03598	7926.12	6.18008	7927.46	5.20601	7927	6.18466	7928.92	11.9003
1512483341865	25.49	7929.56	5.31769	7928	6.48074	7928.77	5.73227	7928.48	6.37783	7930.56	11.7906
1512483342894	25.51	7929.56	5.61496	7927.24	6.50179	7928.31	5.97752	7927.84	6.23618	7929.18	12.0329
1512483343941	25.5	7929.11	4.98609	7928.16	6.59975	7928.38	5.67947	7928.6	6.40963	7930.58	12.1859
1512483344946	25.51	7929.33	5.5	7927.96	6.59217	7928.62	5.76684	7928.52	6.29894	7929.55	11.9669
1512483345957	25.5	7927.11	4.78133	7925.96	6.12699	7926.46	5.09273	7926.44	6.11746	7928.47	12.1355
1512483346969	25.5	7927.56	4.92725	7926.2	6.78233	7926.92	5.67834	7926.8	6.84349	7928.89	12.3
1512483348023	25.5	7927.56	4.95255	7926.36	6.33693	7927	5.40062	7927.08	6.40911	7929.35	12.0973
1512483349110	25.51	7926.89	5.1586	7925.48	6.64655	7926.31	5.45259	7926.16	6.52993	7928.01	11.9402
1512483350332	25.5	7929.22	5.8476	7927.12	6.22709	7928.31	5.73563	7927.8	6.42262	7928.61	11.8993
1512483351381	25.5	7928.67	5.43139	7926.92	6.36344	7927.85	5.8998	7927.4	6.65833	7928.8	11.827
1512483352431	25.5	7927.67	5.17204	7926.48	6.2857	7927.38	5.4243	7927.12	6.40521	7929.47	12.013
1512483353465	25.5	7926.33	4.97494	7925	6.01387	7925.62	5.4702	7925.64	6.07509	7927.65	11.8322
1512483354507	25.5	7925.78	4.73756	7925.12	6.01609	7925.31	5.37563	7925.56	6.19193	7927.57	12.041
1512483355524	25.5	7928.67	4.66369	7926.64	6.4864	7928.08	5.40773	7927.52	6.20564	7929.36	12.1198
1512483356558	25.49	7927.56	5.07718	7926.6	6.35741	7927.31	5.92149	7927.08	6.68281	7929.31	11.9838
1512483357567	25.51	7928.89	4.8074	7927.12	6.14627	7928.46	5.44082	7927.88	6.2538	7929.47	11.8405
1512483358639	25.5	7927.89	4.48454	7926.52	6.09043	7927.62	5.29998	7927.24	6.28013	7929.11	11.7689
1512483359742	25.5	7926.89	4.98609	7925.84	6.51716	7926.15	5.62504	7926.24	6.72235	7928.56	11.9009
1512483360853	25.51	7929.11	5.06074	7927.52	6.54548	7928.46	5.50175	7928.16	6.78651	7929.54	11.8967
1512483361914	25.5	7927.89	5.64456	7926.32	6.4208	7927.31	5.96356	7927.04	6.57318	7928.78	11.8351
1512483362973	25.5	7927	4.89898	7925.88	6.21369	7926.77	5.46434	7926.44	6.62747	7928.7	12.0266
1512483364079	25.5	7929.78	3.99305	7927.44	6.26551	7928.92	4.85561	7928.12	6.08495	7929.46	11.9791
1512483365099	25.49	7927.78	4.76387	7926.32	6.18951	7927.31	5.21831	7926.88	6.1327	7928.63	12.0107
1512483366210	25.5	7927.44	5.29413	7926.56	6.41665	7927.08	5.63414	7927.16	6.47868	7929.55	12.221
1512483367254	25.5	7928.67	5.33854	7927.56	6.1852	7928.15	5.49008	7927.88	6.28702	7929.61	11.9234
1512483368428	25.5	7927.44	5.4569	7926.68	6.18951	7926.92	5.63414	7926.96	6.64881	7929.1	11.9179
1512483369440	25.51	7927.78	4.7111	7926.56	5.81005	7927.46	4.82382	7927.2	6.11692	7928.92	11.8387
1512483370474	25.51	7926.67	4.41588	7924.84	5.79281	7926	4.72582	7925.56	5.92368	7927.65	11.9656
1512483371498	25.5	7928	4.12311	7927.28	5.74833	7927.38	4.94197	7927.48	6.13134	7929.6	11.9962
1512483372621	25.5	7927.89	4.53995	7926.72	6.06575	7927.38	5.34694	7927	6.33772	7928.92	11.9791
1512483373852	25.5	7927.78	4.73756	7927.36	5.99917	7927.62	5.20478	7927.48	5.97299	7929.37	11.9829
1512483374862	25.51	7929	4.12311	7927.48	5.93801	7928.46	4.59375	7928.16	6.27615	7929.44	12.0596
1512483375915	25.5	7929.89	5.18277	7928.16	6.53631	7929.15	5.66931	7928.68	6.55566	7929.97	11.8447
1512483376941	25.5	7927.89	4.70225	7926.48	6.33193	7927.15	5.45964	7927.16	6.44645	7928.65	11.8844
1512483378016	25.5	7928.11	4.75511	7926.16	6.16901	7927.31	5.29756	7926.8	6.17117	7928.53	12.0533
1512483379053	25.49	7927.67	4.89898	7926.96	5.8983	7927.69	5.45259	7927.48	6.09043	7929.59	12.1546
1512483380083	25.5	7927.22	4.86769	7926.56	5.80287	7926.92	5.20355	7927.12	6.29365	7929.87	12.2133
1512483381157	25.5	7929.11	5.20683	7927.08	6.29762	7928.31	5.36011	7928.16	6.38148	7929.9	12.0902
1512483382297	25.5	7928.11	5.13431	7926.6	5.91608	7927.69	4.87142	7927.48	5.83895	7929.38	11.883
1512483383323	25.5	7928.22	4.99444	7926.8	6.15765	7927.54	5.15777	7927.56	6.23886	7929.54	11.8818
1512483384376	25.5	7927.33	4.79583	7926.4	5.83095	7926.69	4.95622	7926.76	6.11882	7930.19	11.7529
1512483385445	25.5	7928.44	5.07718	7926.8	6.17792	7927.77	5.46434	7927.52	6.49436	7929.72	12.0302
1512483386451	25.51	7927.89	4.9357	7926.88	5.8046	7927.69	4.81983	7927.64	6.26418	7929.87	12.0528
1512483387540	25.51	7926.89	4.64878	7926.24	5.93212	7926.77	4.81584	7926.8	6.19139	7928.72	11.7835
1512483388591	25.5	7926.56	5.93951	7925.48	6.4169	7926.15	6.01174	7926.28	7.11524	7928.77	11.9732
1512483389593	25.51	7927.33	5.5	7926.6	5.78792	7927.15	5.41366	7927.56	6.08331	7929.73	11.8296
1512483390619	25.51	7927.56	5.43395	7927.04	5.98944	7927.23	5.5099	7927.6	6.25833	7929.47	11.9369
1512483391671	25.52	7928.89	5.62238	7927.92	6.40911	7928	5.95819	7928.24	6.49538	7929.88	12.0319
1512483392718	25.51	7928.11	5.18277	7927.36	6.36318	7927.31	5.51339	7927.68	6.4467	7929.85	11.9056
1512483393738	25.51	7927.11	4.72875	7926.44	5.92368	7926.62	5.22077	7926.92	6.33061	7929.65	11.9522
1512483394750	25.51	7928	5.87367	7927.4	6.46787	7927.62	5.92366	7927.8	6.62697	7930.29	12.026
1512483395761	25.51	7926.78	5.65194	7925.96	6.48383	7926.54	5.75348	7926.52	6.64028	7928.99	12.0147
1512483396794	25.51	7927.89	5.08538	7926.84	6.03241	7927.77	4.85032	7927.36	5.97829	7929.83	12.073
1512483397860	25.51	7928.56	5.19882	7928.2	5.91608	7928.38	5.50058	7928.64	6.41535	7930.77	11.6812
1512483398871	25.51	7929.11	4.98609	7928.32	5.99806	7928.62	5.40892	7928.72	6.20833	7930.98	11.8244
1512483399897	25.51	7929.67	6.46142	7928.52	6.71516	7929.31	6.60031	7929.04	6.82202	7930.82	12.1407
1512483400989	25.51	7929.44	5.61496	7928.2	6.55108	7929.08	5.78016	7928.84	6.53631	7930.58	12.0772
1512483402016	25.51	7929.44	5.19882	7929.16	6.49795	7929.15	5.71323	7929.36	6.58837	7931.42	11.9105
1512483403041	25.51	7928.11	4.98609	7927.52	6.4169	7927.77	5.67383	7928	6.61438	7930.68	11.929
1512483404066	25.52	7930	5.38516	7929.32	6.1422	7929.69	5.54353	7929.92	6.39609	7931.82	11.7624
1512483405090	25.52	7930.44	4.77261	7929.84	6.38801	7930.31	5.54353	7930.36	6.56303	7931.74	11.847
1512483406115	25.52	7929.89	4.45658	7928.92	6.10956	7929.38	4.92508	7929.24	6.13922	7931.85	11.9235
1512483407180	25.53	7928.44	4.71993	7927.72	6.54803	7928.08	5.29877	7928	6.27827	7930.68	11.9291
1512483408217	25.52	7928.22	4.91878	7927.28	6.50333	7927.92	5.88021	7927.68	6.66283	7929.7	12.0157
1512483409222	25.52	7928.22	4.40959	7927.24	6.146	7927.69	5.34454	7927.8	6.2849	7929.74	12.0137
1512483410266	25.53	7930.22	5.14242	7928.16	6.2562	7929.23	5.525	7928.68	6.33588	7930.3	12.0378
1512483411291	25.53	7928.56	4.30439	7927.44	5.98665	7927.92	4.80384	7927.92	6.33061	7929.97	12.083
1512483412294	25.52	7929.67	5.26783	7928.32	6.98045	7929.08	6.11639	7928.88	6.64781	7930.76	12.1161
1512483413421	25.53	7929.11	5.39547	7928.08	6.44153	7928.69	5.96356	7928.64	6.33693	7930.53	12.1196
1512483414451	25.53	7927.89	5.0111	7927.44	6.50051	7927.77	5.67383	7927.96	6.27482	7930.42	12.1858
1512483415476	25.54	7927.89	5.03598	7926.68	6.6878	7927.31	5.82215	7927.12	6.5785	7928.93	12.1026
1512483416585	25.53	7927.11	5.23078	7925.68	5.90706	7926.62	5.43965	7926.08	6.05475	7927.69	11.9847
1512483417625	25.54	7926.89	4.42844	7925.56	6.05585	7926.38	4.83974	7926.12	5.92537	7927.74	11.8571
1512483418656	25.53	7925.67	4.09268	7925.24	5.71752	7925.46	4.57558	7925.36	5.99917	7927.55	11.8673
1512483419693	25.52	7926	4.63681	7925.52	6.42339	7925.54	5.45612	7925.68	6.69403	7928.9	12.0455
1512483420719	25.54	7927.11	4.48454	7926.32	6.06025	7926.62	5.00897	7926.92	6.52508	7929.95	12.1644
1512483421788	25.52	7928.56	4.27525	7927.12	5.76859	7927.77	4.67536	7927.52	5.55368	7929.45	12.0398
1512483422818	25.52	7928.78	4.86769	7927	6.17117	7927.85	5.28908	7927.64	6.23084	7929.41	12.1189
1512483423847	25.53	7928.78	5.44926	7927.68	6.47251	7928	5.87367	7928.28	6.68655	7930.17	12.1405
1512483424859	25.53	7926.89	4.59468	7926.32	5.99806	7926.38	5.20478	7926.64	6.31057	7929.9	12.1401
1512483425902	25.53	7928.78	4.49382	7927.76	6.09152	7928.38	4.89112	7928.08	6.31744	7930.15	12.1451
1512483426986	25.54	7931.11	4.42844	7928.8	6.2849	7930.38	5.20478	7929.56	6.33824	7931.62	11.9127
1512483428058	25.54	7931.33	4.84768	7930.16	6.12835	7930.62	5.2367	7930.68	5.97718	7932.58	11.8588
1512483429228	25.54	7931	4.69042	7929.28	6.24847	7929.85	5.50524	7929.6	6.10328	7931.81	11.8541
1512483430292	25.53	7928.67	3.96863	7927.76	5.77552	7928.15	4.56154	7928.08	5.79454	7930.37	11.9162
1512483431300	25.54	7929.56	4.33333	7928.2	6.55108	7928.85	5.30481	7928.6	6.49359	7930.94	12.0479
1512483432327	25.53	7930.56	4.06544	7928.76	6.37234	7929.69	4.85429	7929.2	6.07591	7931.24	12.3152
1512483433368	25.54	7929.78	5.11805	7928.4	6.32456	7929	5.49242	7928.72	6.24847	7930.67	12.0685
1512483434405	25.53	7928.78	4.23609	7927.44	5.98665	7927.92	5.12285	7927.96	5.95455	7929.88	12.0163
1512483435428	25.54	7928.67	5.07445	7927.48	6.08358	7927.77	5.40299	7927.88	6.13949	7929.9	11.9642
1512483436463	25.54	7927.67	5.07445	7926.84	6.37495	7927.31	5.58845	7927.56	6.41015	7929.51	11.9252
1512483437479	25.53	7928.22	4.79004	7927.04	6.0586	7927.54	5.4101	7927.44	6.21879	7930.53	12.1852
1512483438511	25.53	7930.11	4.85913	7929.36	6.15684	7929.85	5.30481	7930.04	5.95455	7932.05	12.1624
1512483439533	25.54	7926.78	5.06897	7926.4	6.09645	7926.54	5.42549	7926.88	6.22709	7930.05	12.2618
1512483440539	25.54	7928.78	5.28625	7928.12	6.09863	7928.23	5.43375	7928.4	6.32456	7930.51	11.8924
1512483441558	25.54	7929.89	5.23078	7928.92	5.97857	7929.38	5.66478	7929.28	6.4	7931.51	11.8142
1512483442612	25.53	7930	5.38516	7928.92	6.65783	7929.38	5.67947	7929.24	6.55286	7931.52	12.2454
1512483443625	25.53	7930.67	4.94975	7929.68	6.27641	7929.92	5.45377	7929.72	6.26179	7931.89	12.1079
1512483444651	25.53	7930.33	4.66369	7929.8	6.17117	7930.23	5.54006	7930.36	6.4348	7932.1	12.1869
1512483445652	25.53	7930.56	5.22281	7929.28	6.32798	7929.92	5.73675	7929.6	6.30476	7931.27	11.9862
1512483446702	25.53	7930.22	5.38	7928.84	6.41405	7929.62	5.82435	7929.48	6.64655	7931	11.7916
1512483447736	25.53	7931.33	4.74342	7930.16	5.94194	7930.77	4.98588	7930.72	5.74108	7932.79	11.939
1512483448753	25.54	7930.89	4.98609	7929.24	6.3	7929.92	5.33013	7929.64	6.09563	7931.82	12.1033
1512483449827	25.52	7932.11	5.81903	7930.8	6.72062	7931.23	6.07116	7931.24	6.9359	7932.44	12.0029
1512483450918	25.53	7930.33	4.89898	7929.76	5.93212	7929.69	5.18627	7930.12	6.15305	7932.25	11.7757
1512483451928	25.53	7930.89	5.34894	7929.68	5.9702	7930	5.43139	7930.12	6.11228	7931.92	11.8883
1512483452947	25.53	7930.44	6.00231	7929.08	6.35033	7929.46	6.06376	7929.36	6.33693	7931.03	11.8927
1512483453979	25.53	7932.33	5.72276	7930.84	6.71243	7931.54	6.2131	7931.24	6.80857	7932.35	12.0242
1512483455042	25.54	7931	5.74456	7929.52	6.62772	7930.38	5.97967	7929.72	6.59874	7931.63	11.9706
1512483456083	25.54	7929.33	5.33854	7927.56	6.12427	7928.77	5.525	7927.96	6.26817	7930.18	11.8806
1512483457107	25.53	7932.33	5.31507	7929.04	6.62369	7931.23	5.59991	7929.92	6.2311	7930.47	11.9552
1512483458198	25.54	7930.89	5.20683	7929.36	6.80612	7930.08	5.66365	7929.68	6.91448	7931.62	11.9399
1512483459227	25.54	7930.78	5.42627	7929.32	6.17603	7929.92	5.52964	7929.72	6.72384	7931.28	11.9188
1512483460276	25.55	7929.56	5.36449	7928.12	6.28702	7928.69	5.61819	7928.64	6.60732	7930.87	11.9525
1512483461287	25.54	7931.78	4.91878	7930.2	6.6458	7931	5.52268	7930.84	6.52993	7932.65	11.9508
1512483462384	25.54	7930.33	5.09902	7928.96	6.31453	7929.62	5.26844	7929.4	6.25167	7931.31	11.9285
1512483463438	25.54	7930.56	5.17472	7929.2	5.92312	7930.15	5.03068	7929.6	6.10328	7931.66	11.8684
1512483464480	25.55	7929.78	5.14242	7928.72	5.89859	7929.31	5.61819	7928.84	6.2562	7930.32	11.9243
1512483465495	25.54	7928.78	4.43784	7928.72	5.83467	7928.69	4.98973	7928.92	6.2311	7931.34	12.0785
1512483466531	25.55	7931.33	5.3619	7930.28	6.50974	7930.38	5.81003	7930.56	6.50051	7932.28	11.8566
1512483467548	25.53	7931.78	4.89331	7931	6.25167	7931.15	5.63983	7931.08	6.38305	7932.82	11.9674
1512483468583	25.54	7932.11	4.59468	7931	6.18466	7931.38	5.20478	7931.2	6.21155	7933.15	11.7774
1512483469592	25.55	7931	4.63681	7930.24	6.45032	7930.23	5.27816	7930.56	6.31189	7932.96	12.064
1512483470703	25.55	7930.89	4.64878	7929.68	6.4982	7930.08	5.25137	7930.04	6.34087	7931.61	11.99
1512483471757	25.55	7932	4.84768	7930.64	6.25087	7931	5.85947	7930.8	6.34429	7932.5	11.8542
1512483472799	25.55	7931.22	4.91878	7929.36	6.23084	7930.23	5.58501	7929.84	6.28278	7931.86	11.7303
1512483473825	25.55	7928.67	4.71699	7927.92	5.90847	7927.92	5.17142	7928.16	6.30925	7930.54	11.9137
1512483474850	25.56	7931.44	4.41902	7929.92	5.83752	7930.38	5.20478	7930.36	5.86572	7931.65	11.8118
1512483475860	25.55	7929.44	4.41902	7928.4	5.79511	7928.62	5.07508	7928.84	5.75674	7931.26	11.9267
1512483476912	25.55	7930.44	5.22281	7928.92	6.18412	7929.62	5.92366	7929.36	6.18385	7931.66	12.177
1512483477937	25.55	7931.67	4.79583	7930.44	6.42962	7931.15	5.39824	7930.68	6.18951	7932.1	12.1458
1512483478952	25.55	7929.78	5.51765	7928.48	6.76461	7929.15	6.13523	7929	6.62697	7931.29	11.9908
1512483479978	25.54	7930.78	6.07819	7929.08	6.40911	7929.92	6.1976	7929.52	6.57723	7931.78	12.1284
1512483481053	25.54	7932.11	4.96096	7930.44	6.33167	7931.23	5.37205	7930.96	6.63626	7933.36	12.0503
1512483482111	25.54	7931.11	5.18277	7929.96	6.24153	7930.38	5.73786	7930.24	6.63501	7933.09	12.0425
1512483483185	25.55	7930.33	4.66369	7929.68	6.14898	7929.92	4.85561	7929.96	6.22147	7932.75	12.1133
1512483484227	25.54	7931.78	4.46592	7930.56	5.9096	7931.46	4.78914	7931.16	5.8714	7932.95	12.0172
1512483485319	25.54	7931.89	5.06074	7930.72	5.89152	7931.15	5.47488	7931.08	6.36998	7933.46	12.2546
1512483486344	25.53	7932.67	5.33854	7931.4	6.20484	7931.92	5.75125	7931.84	6.5681	7933.26	11.9485
1512483487410	25.53	7932.67	5.5	7931.96	6.76683	7932.08	5.99252	7932.24	6.72235	7933.77	12.0951
1512483488511	25.53	7932.78	4.7111	7931.92	6.08221	7932.31	5.18627	7932	5.99305	7934.28	11.904
1512483489535	25.54	7931	4.38748	7930	6.16441	7930.46	4.97687	7930.24	6.21343	7932.56	11.9359
1512483490576	25.53	7930.67	4.69042	7929.28	6.17468	7930.08	5.05736	7929.72	6.20833	7932.58	11.9123
1512483491601	25.54	7930.67	4.69042	7929.32	6.30291	7930.31	4.973	7929.88	6.08495	7931.84	11.8462
1512483492629	25.53	7930.89	4.96096	7929.52	6.4622	7930.54	5.6806	7930.04	6.32772	7931.92	12.0221
1512483493654	25.53	7929.89	4.42844	7929.48	6.47508	7929.85	5.71323	7929.92	6.62017	7931.73	11.9905
1512483494731	25.53	7930.56	4.79873	7929.52	6.37783	7930.08	5.45377	7930.2	6.51281	7932.55	12.0709
1512483495737	25.53	7931.11	5.23078	7929.48	6.42988	7930.54	5.93879	7930	6.42262	7932.08	11.8668
1512483496830	25.53	7930.11	5.37225	7928.96	6.2482	7929.62	5.8529	7929.36	6.23752	7931.42	11.945
1512483497871	25.53	7929.67	5.31507	7928.64	6.14329	7929.15	5.82875	7929	6.1101	7931.15	11.7404
1512483498946	25.54	7929.67	5.19615	7928.72	5.9338	7929.38	5.56085	7929.36	6.17711	7931.66	11.783
1512483499954	25.54	7929	4.69042	7927.8	6.29815	7928.69	5.37563	7928.24	6.35269	7930.13	11.9745
1512483500980	25.54	7929	5.02494	7928.16	6.24953	7928.54	5.57697	7928.68	6.4982	7930.85	11.8233
1512483502003	25.53	7931.11	5.39547	7930.2	6.34429	7930.46	5.53196	7930.52	5.94503	7932.27	11.7947
1512483503011	25.54	7930.22	5.23874	7929.08	6.17738	7929.54	5.44082	7929.28	6.07262	7931.16	11.7126
1512483504056	25.54	7930.78	5.23874	7929.32	6.34245	7930.08	5.61933	7929.64	6.27083	7931.54	11.754
1512483505087	25.53	7930.33	5.59017	7929.6	6.15088	7929.85	5.71323	7929.96	6.25486	7931.93	11.9007
1512483506093	25.53	7930.44	6.04382	7929.84	6.43998	7930	6.19139	7929.92	6.32403	7932.02	12.052
1512483507151	25.53	7929.78	5.23874	7929.12	6.24046	7929.62	5.79567	7929.52	6.33193	7932.03	11.9445
1512483508164	25.54	7930.89	5.30199	7930.28	6.71143	7930.92	5.92258	7930.68	6.53656	7932.44	11.8918
1512483509185	25.54	7929.44	5.27046	7929.28	6.47765	7929.38	5.73786	7929.56	6.59596	7931.77	11.9558
1512483510206	25.53	7932.22	6.39878	7931.24	6.55286	7931.92	6.25115	7931.56	6.45549	7933.57	11.8755
1512483511318	25.54	7931.11	6.21378	7930.56	6.37756	7930.92	6.26447	7930.84	6.42054	7932.72	11.8566
1512483512420	25.54	7928.89	5.0111	7928.44	6.31849	7928.69	5.83645	7928.76	6.64756	7931.05	11.9999
1512483513495	25.54	7929	5.14782	7928.6	5.95119	7928.77	5.77572	7928.88	6.36606	7931.06	11.8819
1512483514530	25.54	7928.89	5.51009	7928.28	6.45833	7928.62	6.25218	7928.84	6.78651	7930.74	12.0181
1512483515534	25.55	7928.56	5.19882	7927.72	6.22843	7928.15	5.88566	7928.16	6.28941	7930.62	11.9442
1512483516550	25.54	7928.67	5.56776	7927.44	6.31189	7928	6.01387	7928.04	6.39323	7930.29	11.8743
1512483517565	25.55	7927.67	5.97913	7926.28	6.67408	7927.15	6.13523	7927.04	6.58584	7928.79	11.8437
1512483518611	25.54	7927	5.14782	7925.92	6.51869	7926.46	5.57697	7926.52	6.53274	7928.9	11.9406
1512483519681	25.54	7930.22	6.24055	7928.28	6.43247	7929.62	6.09013	7929.04	6.20134	7930.15	12.0442
1512483520799	25.53	7930.11	5.1099	7928.4	6.27827	7929.46	5.34814	7929.12	6.10546	7930.52	11.977
1512483521803	25.53	7930.22	5.42627	7928.64	6.49282	7929.62	5.76684	7929.12	6.0781	7930.69	11.9977
1512483522828	25.53	7928.67	4.60977	7927.6	6.0208	7928.31	5.31326	7928.12	5.76137	7930.21	11.895
1512483523838	25.55	7930.78	5.06897	7929.52	6.26578	7930.23	5.41839	7930	6.40312	7931.9	12.0835
1512483524862	25.54	7928.11	5.48736	7927.24	6.28676	7928	5.8023	7927.84	6.16901	7930.16	11.9603
1512483525905	25.53	7928	4.272	7926.96	6.03103	7927.92	5.10656	7927.6	5.6421	7929.65	11.9477
1512483526927	25.54	7927.33	4.66369	7926.64	6.04759	7927.46	5.42549	7927.04	5.74804	7929.56	11.9751
1512483527949	25.53	7928.56	5.22281	7927.52	6.26578	7928.08	5.61933	7927.84	6.36841	7930.5	11.9116
1512483528983	25.53	7929	5.85235	7927.68	6.65658	7928.46	6.18621	7928.08	6.80025	7930.2	12.1005
1512483529992	25.53	7927.33	5.56776	7927.04	6.92508	7927.46	6.13209	7927.4	6.84957	7930.38	12.1851
1512483531045	25.54	7928.22	4.86769	7927.24	6.42443	7927.77	5.58501	7928.04	6.49025	7930.45	12.019
1512483532106	25.53	7927.67	5.38516	7927.36	6.37626	7927.23	5.87585	7927.8	6.60177	7930.12	11.926
1512483533199	25.54	7927	5.56776	7926.24	6.27349	7926.38	5.66478	7926.56	6.07646	7929.33	11.8972
1512483534273	25.54	7925.89	5.39547	7925.24	6.07097	7925.46	5.53196	7925.64	6.23084	7928.28	11.9589
1512483535429	25.54	7926.11	5.68868	7924.48	6.12454	7925.38	5.72332	7925	6.31796	7927.74	11.8756
1512483536625	25.54	7928	5.40833	7926.2	6.66458	7927.08	5.83754	7926.92	6.80637	7928.24	12.2205
1512483537643	25.54	7927.33	5.31507	7926.6	6.63953	7926.92	5.86603	7926.84	6.62495	7929.07	12.0548
1512483538713	25.53	7926.78	5.30984	7925.76	6.74092	7926.31	6.03303	7926.28	6.84057	7928.86	12.0315
1512483539746	25.53	7928.78	5.95352	7927.96	6.98498	7928.08	6.49951	7928.04	6.97304	7929.84	11.9089
1512483540862	25.53	7929.56	5.17472	7928.32	6.4208	7928.77	5.74679	7928.48	6.64655	7930.18	12.0564
1512483541904	25.53	7928	5	7927.16	6.40755	7927.62	5.62048	7927.44	6.36448	7930.17	11.8751
1512483543000	25.53	7928.56	4.90181	7927.2	6.245	7928.31	5.31326	7927.52	6.09043	7929.54	12.0082
1512483544025	25.53	7929.78	4.65773	7929.12	6.28039	7929.77	4.9016	7929.52	6.05613	7930.98	12.0154
1512483545088	25.52	7932.56	4.79873	7930.84	6.32903	7932.08	4.80384	7931.56	5.94475	7933.01	12.0405
1512483546191	25.51	7930.89	5.68868	7929.12	6.28039	7930.62	5.43965	7929.96	5.81292	7931.83	12.2149
1512483547231	25.53	7930.44	5.27046	7929.04	6.93109	7929.92	5.89437	7929.68	6.47251	7931.94	12.2079
1512483548242	25.51	7929.56	4.39065	7928.08	6.4026	7928.92	5.40773	7928.68	6.005	7930.58	12.1486
1512483549379	25.53	7927.89	5.08538	7927.88	6.66658	7928.08	5.63414	7928.4	6.3901	7930.64	12.1141
1512483550415	25.52	7931.22	5.11805	7929.56	6.63375	7930.69	5.75014	7929.88	6.56582	7931.13	12.027
1512483551416	25.53	7929.22	4.63081	7928.68	6.12862	7929.31	5.266	7929.08	6.05475	7931.4	12.0118
1512483552442	25.52	7930	4.94975	7928.96	6.354	7929.92	5.76573	7929.4	6.42262	7931.27	11.9392
1512483553492	25.52	7930.56	4.87625	7929.12	6.66658	7930	5.24404	7929.6	6.31796	7931.45	11.9303
1512483554579	25.52	7929.67	4.97494	7928	6.32456	7929.23	5.30964	7928.72	6.08632	7930.74	11.9087
1512483555649	25.52	7929.67	5.63471	7928.16	6.71243	7929	5.97216	7928.64	6.51204	7930.89	12.0556
1512483556806	25.51	7928.67	4.94975	7927.6	6.33114	7928.08	5.54469	7928.2	6.245	7930.55	12.1036
1512483557819	25.52	7930.11	5.39547	7928.76	6.13243	7929.46	5.48658	7929.28	6.07262	7931.1	12.086
1512483558824	25.52	7929.78	5.28625	7928.24	6.73474	7929.08	5.88021	7928.72	6.56074	7930.93	12.3681
1512483559878	25.52	7930.11	4.48454	7928.64	5.97132	7929.77	4.88456	7929.28	6.00361	7931.25	11.9697
1512483560903	25.51	7930	5.02494	7928.68	6.01193	7929.54	5.48658	7929.36	6.30397	7931.61	11.8826
1512483561929	25.51	7932	5.63471	7931.44	6.67757	7931.62	5.86712	7931.72	6.49051	7933.23	12.0022
1512483562943	25.52	7931.22	5.80469	7930.76	6.64756	7930.77	6.19346	7931.04	6.71118	7933.46	11.9364
1512483563969	25.52	7931	5.78792	7929.96	6.6111	7930.46	6.13209	7930.28	6.71143	7932.58	12.0505
1512483564994	25.52	7929.33	5.54527	7928.6	6.15088	7929.08	5.78016	7928.8	6.25833	7931.95	11.9845
1512483566020	25.51	7929.56	6.22718	7928.68	6.8661	7929.38	6.39711	7929.28	6.5861	7931.48	12.0555
1512483567045	25.52	7930.22	5.73973	7929.2	7.10634	7930.08	6.17065	7929.88	6.97806	7931.54	12.1569
1512483568071	25.51	7929.89	6.19363	7929.2	6.8252	7929.77	6.16649	7929.92	6.49949	7931.52	11.9609
1512483569097	25.51	7930.56	6.59756	7929.8	6.90411	7930.46	6.50148	7930.4	6.54472	7933.06	12.276
1512483570173	25.51	7931.67	6.20484	7930.68	6.69403	7931.15	6.33569	7931	6.55744	7933.02	11.9258
1512483571192	25.51	7930.78	5.80469	7929.52	6.43636	7930	6.0553	7930	6.58281	7932.33	11.9554
1512483572224	25.51	7930.56	5.79032	7929	6.58913	7929.92	6.27776	7929.44	6.77668	7931.55	11.9373
1512483573231	25.51	7930	6.53835	7928.4	6.91014	7929.31	6.51133	7928.96	6.96707	7930.89	11.9921
1512483574258	25.51	7929.78	5.8902	7928.68	6.49179	7929.54	6.06376	7929.24	6.7656	7931.35	11.977
1512483575333	25.51	7928.56	5.96052	7927.44	6.58964	7928.31	6.14254	7928.08	6.91568	7930.67	12.1266
1512483576390	25.51	7929.33	5.26783	7927.88	6.43117	7928.92	5.63414	7928.6	6.68954	7930.9	11.9733
1512483577416	25.51	7927.11	5.48736	7926.24	6.28676	7926.85	5.55047	7927.04	6.58584	7929.78	12.0081
1512483578442	25.51	7929	4.79583	7926.96	6.54777	7928.31	5.45259	7927.52	6.44283	7929.44	12.0246
1512483579467	25.51	7928.67	5.72276	7927.52	5.86742	7928.46	5.81113	7928.04	6.03103	7930.12	11.7777
1512483580496	25.5	7929.56	6.67291	7928.36	6.65758	7929.23	6.40513	7928.96	6.67383	7930.56	11.8466
1512483581519	25.51	7930.33	6	7928.84	6.65006	7930	6.31137	7929.44	6.72731	7930.63	11.7529
1512483582589	25.5	7928.33	5.70088	7927.04	6.52227	7927.92	5.88021	7927.64	6.4864	7929.43	11.7715
1512483583614	25.5	7928.56	5.63718	7927.52	6.65908	7928.38	5.89546	7928.04	6.39323	7930.02	11.9258
1512483584646	25.51	7926.67	4.92443	7926.2	6.48074	7926.46	5.48658	7926.6	6.20484	7929.06	11.9814
1512483585735	25.5	7925.89	4.78133	7925.32	6.44024	7925.46	5.30119	7925.68	6.45962	7928.49	11.9601
1512483586762	25.5	7925.89	4.91031	7924.44	6.35793	7925.31	5.42194	7925.12	6.22709	7927.35	11.8159
1512483587795	25.51	7926.44	5.72519	7925.04	6.50308	7925.92	5.60449	7925.88	6.30687	7927.84	12.0501
1512483588802	25.51	7925	5.12348	7923.52	6.33193	7924.54	5.45612	7924.44	6.50051	7926.93	12.0054
1512483589838	25.51	7924.78	4.65773	7923.68	6.01886	7924.46	5.28544	7924.36	6.02688	7926.74	11.8741
1512483590864	25.51	7924.22	4.60374	7922.96	5.79856	7923.85	5.14532	7923.88	5.89717	7926.94	11.8214
1512483591889	25.5	7925.44	5.36449	7923.8	6.12372	7924.62	5.70874	7924.4	5.95819	7927.23	11.9965
1512483592950	25.51	7926.78	6.32016	7925.48	6.94694	7926.08	6.37	7926.12	6.73498	7927.83	12.0406
1512483594038	25.51	7926.22	5.40319	7925.16	6.50436	7925.69	5.97752	7925.84	6.92026	7928.36	12.1356
1512483595092	25.51	7926.89	5.30199	7925.4	6.56379	7926.08	5.88021	7925.88	6.47637	7928.37	12.0267
1512483596106	25.51	7925.33	5.09902	7924.16	6.53631	7924.69	5.7065	7924.72	6.52253	7927.62	12.1097
1512483597132	25.51	7926.56	5.59265	7924.88	6.43765	7925.62	5.99359	7925.4	6.7082	7927.55	11.9054
1512483598141	25.51	7928.78	5.38	7927.8	6.7082	7928.54	5.88239	7928.4	6.47431	7929.38	11.6855
1512483599195	25.51	7927.11	5.30199	7925.48	6.47508	7926.85	5.66931	7926.24	6.35269	7928.16	11.9651
1512483600242	25.51	7928.56	5.36449	7927.28	6.052	7928.15	5.81444	7927.68	6.10819	7929.59	11.938
1512483601476	25.49	7928.44	4.21637	7926.88	6.1259	7928	4.63681	7927.52	5.62079	7929.39	11.7916
1512483602488	25.5	7929.44	5.29413	7927.52	6.55184	7928.54	5.42549	7927.96	6.26817	7930.88	12.1891
1512483603522	25.5	7927.67	5.56776	7926.04	6.52227	7927.15	5.7278	7926.8	6.48717	7928.89	12.0603
1512483604539	25.5	7926.89	5.32552	7925.64	6.68256	7926.46	5.6806	7926.32	6.46607	7928.86	11.9725
1512483605575	25.5	7928.67	5.07445	7927	6.18466	7928.31	5.49825	7927.6	6.0208	7929.44	11.7393
1512483606590	25.51	7928.11	5.32552	7926.8	6.38357	7927.85	5.56546	7927.32	6.03269	7929.34	11.7525
1512483607600	25.5	7926.89	5.1099	7925.84	5.76397	7926.69	5.266	7926.16	5.69854	7928.75	11.8217
1512483608642	25.5	7926.44	4.74634	7925.16	5.93492	7926.08	5.07381	7925.72	5.70468	7928.67	12.0274
1512483609667	25.5	7928.22	5.44926	7926.92	6.74487	7927.69	5.54353	7927.4	6.46787	7929.52	12.071
1512483610693	25.5	7930	5.45436	7928.4	6.2849	7929.23	5.67383	7928.76	6.31981	7930.8	12.1202
1512483611717	25.5	7930.67	6.22495	7927.76	6.48896	7929.54	6.31949	7928.32	6.34902	7930.11	12.0493
1512483612793	25.49	7929.56	5.24669	7927.32	6.25646	7928.62	5.93771	7927.96	6.08605	7929.7	12.0292
1512483613884	25.5	7927.44	5.12619	7926.36	6.4348	7926.85	5.75682	7926.8	6.41613	7930.11	11.7866
1512483614893	25.5	7928.11	5.64456	7926.6	6.40963	7927.23	5.90415	7926.96	6.50948	7929.97	12.0162
1512483615947	25.5	7927.67	4.71699	7925.76	6.10519	7926.77	5.27816	7926.16	5.96992	7928.52	12.0421
1512483616992	25.5	7927.44	5.29413	7925.64	6.66383	7926.69	6.0192	7926.16	6.92628	7928.66	12.0224
1512483618035	25.5	7926.78	5.38	7925.44	6.87435	7926.31	6.29	7926.08	6.87944	7928.29	11.9076
1512483619126	25.5	7928.33	5.40833	7926.2	6.47431	7927.62	5.8813	7926.92	6.48023	7928.44	11.7778
1512483620152	25.5	7928.22	5.06897	7926.68	6.2963	7927.69	5.2818	7927.36	6.1365	7929.02	11.7014
1512483621191	25.5	7926.56	5.74698	7925.92	6.67033	7926.23	6.1122	7926.52	6.62772	7928.24	11.8504
1512483622215	25.49	7928.22	4.91878	7926.8	6.36396	7927.69	5.85071	7927.32	6.49179	7928.89	11.8394
1512483623229	25.49	7927.56	5.63718	7926.04	6.24153	7927	6.13732	7926.68	6.40781	7928.19	11.7099
1512483624238	25.5	7930	5.38516	7927.72	6.88307	7929.23	5.74679	7928.56	6.57064	7929.9	11.9118
1512483625264	25.5	7928.78	5.04425	7926.8	6.44851	7928.23	5.38754	7927.6	6.21825	7929.2	11.9575
1512483626306	25.49	7928.33	5.74456	7925.76	6.88162	7927.23	6.17999	7926.52	6.5582	7928.53	11.8735
1512483627332	25.5	7928.67	5.14782	7926.68	6.5238	7927.69	5.54353	7927.44	6.35793	7929.72	11.854
1512483628365	25.5	7927.78	5.14242	7926.08	6.33061	7927.08	5.51455	7926.8	6.19139	7929.28	11.8995
1512483629391	25.49	7928.78	5.73973	7927.04	6.7545	7927.85	6.09434	7927.88	6.74735	7929.64	12.0296
1512483630506	25.5	7928.33	5.65685	7927.2	6.86173	7927.46	6.38508	7927.72	6.76092	7929.79	11.8493
1512483631561	25.5	7928.67	4.92443	7926.96	6.3343	7927.92	5.48424	7927.4	6.27163	7929.66	11.8632
1512483632688	25.5	7928.56	5.15051	7927.44	6.06273	7928.08	5.66365	7928	6.38357	7930.31	12.1019
1512483633726	25.5	7927.78	4.96935	7926.12	6.4182	7927	5.94418	7926.92	6.82471	7929.54	12.0329
1512483634739	25.5	7927.22	4.79004	7925.6	6.1101	7926.62	5.31568	7926.56	6.41015	7929.09	11.9969
1512483635810	25.5	7928.44	5.0525	7926.68	6.51102	7927.69	5.77905	7927.36	6.7508	7929.45	11.8462
1512483636823	25.5	7928.33	4.79583	7926.68	6.4208	7927.38	5.56085	7927.32	6.45962	7929.13	11.7995
1512483637914	25.51	7927.78	4.65773	7926.16	6.1825	7926.77	5.35652	7926.76	6.09836	7928.75	12.0256
1512483638966	25.51	7927.11	5.25463	7925.76	6.39192	7926.15	5.92799	7926.24	6.30661	7928.65	12.0052
1512483640018	25.5	7928.33	4.92443	7927.16	6.64379	7927.92	5.5597	7927.8	6.47431	7929.47	11.9339
1512483641043	25.51	7928.33	4.84768	7927.2	6.58913	7927.77	5.84742	7928	6.92219	7930.28	12.0582
1512483642147	25.51	7926.78	4.63081	7925.76	6.59722	7926.31	5.21831	7926.28	6.48408	7928.17	11.9694
1512483643156	25.5	7925.44	4.66667	7924.28	6.44541	7924.69	5.1053	7924.88	6.24046	7927.2	12.0926
1512483644245	25.5	7928.89	5.34894	7927.24	6.67882	7928.46	5.51687	7927.76	6.53376	7929.34	12.0055
1512483645338	25.51	7928.56	6.0231	7927.24	7.00761	7928.31	5.76461	7927.72	6.65532	7929.64	12.1506
1512483646347	25.5	7927	4.71699	7925.8	6.48717	7926.46	5.30119	7926.08	6.38305	7928.58	12.2855
1512483647399	25.51	7926.67	5.24404	7925.2	6.06905	7925.69	5.23426	7925.72	6.01747	7928.35	11.9895
1512483648414	25.5	7926.89	5.51009	7925.8	6.63325	7926.31	5.76461	7926.56	6.77052	7928.69	12.0302
1512483649440	25.5	7928.56	4.71993	7927.08	6.27774	7927.92	5.34574	7927.68	6.58103	7930.04	12.0916
1512483650482	25.5	7928.78	5.23874	7927.04	6.91303	7928	5.67157	7927.6	6.59545	7929.72	12.159
1512483651491	25.51	7928.89	6.62277	7927.68	7.55381	7928.46	6.9356	7928.08	7.39887	7929.73	12.0013
1512483652631	25.51	7927.56	5.85472	7926.72	7.11524	7927.15	6.54276	7927	7.05337	7929.12	11.9487
1512483653700	25.51	7926.33	5.2915	7925.84	6.78651	7926.08	6.02026	7926.16	6.62495	7928.75	12.0222
1512483654796	25.51	7927.67	5.14782	7925.96	6.16766	7927.15	5.45964	7926.56	6.15142	7928.45	12.0368
1512483655822	25.5	7927.56	5.85472	7926.76	6.44386	7927.54	5.79677	7927.16	6.38148	7929.71	12.0532
1512483656847	25.51	7927.22	5.28625	7925.24	6.48896	7926.69	5.61819	7925.88	6.26711	7927.82	11.873
1512483657873	25.51	7925.78	5.23874	7923.92	6.04097	7925.08	5.21954	7924.72	6.28835	7927.32	11.9264
1512483658899	25.51	7925.89	4.67559	7924.56	5.51574	7925.23	4.95234	7925.12	5.79022	7927.87	12.0478
1512483660038	25.51	7926.11	4.96096	7924.92	6.07536	7925.54	5.44082	7925.44	6.33167	7928.38	11.9764
1512483661116	25.51	7926.11	4.96096	7924.92	6.07536	7925.54	5.44082	7925.44	6.33167	7928.38	11.9764
Power reboot not successful, Lepton Error -26
Couldn't set the Telemetry location
spi mode: 7
bits per word: 8
max speed: 31200000 Hz (31200 KHz)
FFC blocked by MainWindow
1512483664177	25.14	8319.22	7658.08	7098	6919.69	6261.31	7216.68	6205.8	6929.09	7201.58	7435.21
1512483665254	25.22	7976.44	17.6289	7979.84	16.9034	7976.15	17.5207	7976.24	17.1131	7970.68	81.6802
1512483666283	25.25	7965	12.8452	7967.36	13.7897	7964.92	13.5183	7965.08	13.7414	7965.34	20.5658
1512483667433	25.28	7960.11	8.9365	7961.64	10.7737	7959.69	9.57762	7960.08	10.7002	7961.92	14.8825
1512483668442	25.3	7958.11	7.55719	7958.96	9.54149	7957.62	8.37196	7958.04	9.51963	7959.93	13.2201
1512483669506	25.32	7952.22	5.696	7952.08	7.08237	7952.08	6.18414	7952.24	7.10211	7954.73	12.3106
1512483670513	25.34	7948.22	4.84195	7948.4	6.733	7948.15	5.69863	7948.72	6.68032	7951.24	12.1876
1512483671538	25.35	7946.44	4.79873	7946.2	6.72681	7945.92	5.5896	7946.52	6.73375	7948.76	12.0103
1512483672576	25.37	7945.78	4.94413	7944.4	5.97216	7944.92	5.40773	7944.84	6.2562	7947.4	11.6284
1512483673601	25.37	7943.33	5.26783	7942.28	6.11365	7942.85	5.62504	7942.8	6.54472	7945.63	11.7852
1512483674636	25.36	7942.22	4.99444	7941.04	6.09973	7941.77	5.32531	7941.56	6.32508	7944.41	11.8147
1512483675651	25.38	7939.11	4.78133	7938.32	5.64004	7938.77	5.05229	7938.88	6.08495	7942.01	11.7644
1512483676675	25.38	7938.22	5.01941	7937.48	5.61338	7937.85	5.2097	7937.92	5.89435	7940.62	11.7592
1512483677692	25.4	7939.22	4.20648	7938.44	5.64269	7938.85	4.98073	7938.84	5.82151	7941.24	11.7526
1512483678717	25.38	7934.89	5.51009	7934.44	6.24553	7934.69	5.80782	7934.88	6.35295	7938.6	11.9601
1512483679813	25.38	7935.78	4.79004	7935	6.20484	7935.46	5.1739	7935.32	5.99806	7939.19	11.9271
1512483680883	25.38	7936.11	4.85913	7934.8	6.11692	7935.46	5.14159	7935.2	5.88784	7938.89	11.8633
1512483681933	25.39	7939	5.14782	7937.2	6.44205	7938.54	5.82545	7937.72	6.4195	7939.47	11.7699
1512483682994	25.4	7937	4.47214	7935.72	5.77004	7936.54	4.77171	7936.32	6.08769	7938.95	11.725
1512483684302	25.41	7936	4.66369	7934.52	6.08358	7935.54	4.87537	7935.12	6.32666	7937.39	11.7172
1512483685324	25.42	7933.78	4.11636	7933	5.88784	7933.38	4.77037	7933.36	6.05447	7936.18	11.6821
1512483686337	25.41	7933.78	4.84195	7932.92	6.73869	7933.15	5.42903	7933.28	6.56709	7935.91	12.0021
1512483687363	25.41	7933.44	4.6398	7932.44	6.13786	7932.85	5.25747	7932.88	6.11228	7935.86	11.8943
1512483688414	25.42	7936.67	4.66369	7935	6.21825	7935.77	5.10153	7935.44	5.98665	7937.76	11.6345
1512483689430	25.42	7935.67	4.52769	7934	6.0553	7934.92	5.10656	7934.36	6.10246	7936.68	11.5226
1512483690456	25.43	7933.67	4.8734	7932.92	5.94362	7933.46	5.44082	7933.2	5.99305	7935.77	11.816
1512483691471	25.43	7936.11	4.31406	7934.32	5.728	7935.62	4.94197	7934.8	5.88076	7936.8	11.6897
1512483692517	25.42	7935.11	3.9826	7934.08	5.31445	7934.77	4.475	7934.2	5.58271	7936.5	11.5858
1512483693542	25.43	7937.11	4.51233	7935.76	6.41145	7936.46	4.87537	7936.24	6.09836	7937.93	11.7615
1512483694588	25.43	7935	4.24264	7933.44	5.67215	7934.38	4.7353	7933.96	5.94054	7936.26	11.7635
1512483695615	25.43	7935.11	4.45658	7934.48	5.57614	7934.62	4.97558	7934.92	6.35689	7937.72	11.9494
1512483696740	25.43	7935.89	4.48454	7934.44	5.52328	7935.08	4.99102	7935	5.72276	7937.55	11.8831
1512483697750	25.43	7937.44	4.12647	7935.88	5.44916	7936.77	4.49359	7936.4	5.59762	7938.91	12.0399
1512483698933	25.43	7937.22	4.89331	7935.8	6.13732	7936.54	5.34814	7936.24	6.3	7938.68	11.8985
1512483699946	25.43	7937.89	5.03598	7936.72	5.90565	7937.85	5.28908	7937.36	5.80144	7939.27	11.7172
1512483700977	25.43	7937.33	4.8734	7935.72	5.71927	7937.08	4.97429	7936.56	5.92368	7938.5	11.6834
1512483702067	25.43	7937.22	5.73973	7935.4	6.52559	7936.54	5.99466	7936.12	6.43765	7938.17	11.8501
1512483703170	25.43	7938.67	6.18466	7936.6	6.78233	7937.92	6.31746	7937.24	6.67882	7938.72	11.7516
1512483704253	25.43	7937.22	5.67401	7935.32	6.53019	7936.23	5.98824	7935.84	6.27615	7938.19	11.8601
1512483705257	25.44	7935.11	5.48736	7933.76	6.28676	7934.54	5.547	7934.08	5.9925	7936.32	11.8269
1512483706291	25.44	7936.44	5.70331	7935.04	6.73597	7935.77	5.96034	7935.2	6.75771	7937.74	11.9538
1512483707308	25.45	7935.44	4.77261	7934.6	5.85947	7934.92	5.37683	7934.84	6.09426	7937.41	11.948
1512483708359	25.45	7934.44	4.90181	7933.2	5.75905	7933.77	5.19862	7933.72	5.77725	7935.72	11.821
1512483709374	25.45	7933.78	5.62978	7932.76	6.3	7933.15	5.94203	7932.88	6.32666	7935.21	11.8985
1512483710399	25.44	7934.11	5.53273	7932.88	6.52125	7933.38	6.34479	7933.32	6.82959	7936.2	12.0001
1512483711425	25.47	7934.56	5.85472	7932.92	6.60757	7933.69	6.53688	7933.16	6.58078	7935.56	11.8769
1512483712451	25.45	7931.44	5.31769	7929.84	6.04621	7930.46	6.17273	7930.08	6.47379	7933.24	12.0773
1512483713494	25.48	7932	5.74456	7930.8	6.33114	7930.92	5.93663	7931.12	6.52763	7933.59	11.7648
1512483714537	25.47	7931	4.24264	7929.76	5.76108	7929.92	4.99102	7930	5.92312	7932.19	11.7839
1512483715744	25.47	7930.67	5.43139	7929.56	6.77052	7929.69	5.86493	7929.8	6.80074	7932.42	11.8921
1512483716765	25.47	7932.33	4.79583	7930.64	5.90113	7931.23	5.24649	7931.12	5.83324	7932.88	11.9489
FFC blocked by MainWindow
1512483717807	25.47	7931.22	4.96935	7929.84	5.85719	7930.15	5.33614	7930.2	5.89491	7932.09	11.8479
1512483718846	25.47	7930.78	5.40319	7930.32	6.21638	7930.38	5.5308	7930.76	6.62873	7933.56	12.0735
1512483719902	25.47	7931.67	5.65685	7930.56	6.35138	7931	5.67157	7931.04	6.62998	7933.84	11.9333
1512483720914	25.47	7932.33	4.52769	7931.56	5.81722	7932	5.32291	7932.12	6.11228	7934.31	11.9651
1512483722023	25.47	7932.44	5.4569	7931.64	5.95035	7931.77	5.59991	7931.88	6.08495	7933.91	11.8285
1512483723161	25.48	7932.33	5.12348	7931.32	6.12862	7931.46	5.45612	7931.56	6.39062	7933.64	11.7692
1512483724186	25.47	7933.11	6.21378	7931.76	6.88162	7932.31	6.32962	7932.12	6.88186	7934.02	11.8132
1512483725198	25.47	7931.89	6.23387	7931	6.6458	7931.38	6.03515	7931.36	6.36318	7933.66	11.8135
1512483726240	25.48	7930.78	4.96935	7930	6.13732	7930.23	5.35652	7930.36	6.12971	7932.39	11.7995
1512483727265	25.47	7930.56	5.61496	7929.48	5.99389	7930	5.70088	7929.76	6.3264	7932.18	11.9815
1512483728394	25.47	7931.22	5.30984	7929.72	6.16117	7930.46	5.562	7930.32	6.09453	7932.61	12.0468
1512483729420	25.47	7931.56	5.38774	7930.48	6.29232	7931.23	5.5099	7931.04	6.32772	7932.76	11.8453
1512483730472	25.48	7931.33	5.19615	7929.96	6.52865	7930.77	5.5099	7930.56	6.44903	7932.49	11.9701
1512483731491	25.49	7931.33	5.78792	7930.48	6.60252	7930.85	6.01174	7930.88	6.46349	7933.07	12.1724
1512483732606	25.48	7930.67	5.26783	7930.32	6.37521	7930.23	5.55509	7930.52	6.39088	7932.8	11.9406
1512483733632	25.48	7931.11	5.6001	7930.24	6.5082	7930.46	5.98074	7930.52	6.60883	7932.66	11.8825
1512483734657	25.45	7930.44	5.24669	7929.6	6.47431	7929.62	5.75237	7929.84	6.50436	7932.47	11.9783
1512483735708	25.47	7931.78	4.84195	7930.48	6.17873	7930.85	5.7857	7930.68	6.26312	7932.63	11.6438
1512483736727	25.47	7931	4.82183	7929.56	6.44257	7930.15	5.82875	7930.04	6.73597	7933.16	12.2132
1512483737795	25.45	7931.56	5.0277	7930.68	6.45962	7931.31	5.39111	7930.96	6.20134	7933.15	12.0238
1512483738890	25.47	7931.89	5.08538	7930.76	5.75384	7931.54	5.25381	7931.2	5.76628	7933.24	11.917
1512483739926	25.48	7931.44	4.58561	7930.56	5.88133	7931.38	4.9588	7930.96	6.09289	7933.15	11.7637
1512483741040	25.48	7931.44	4.53076	7930.52	5.84608	7931.23	4.7985	7930.68	5.75702	7932.75	11.7229
1512483742067	25.47	7931.89	5.88312	7930.72	6.32798	7931.15	6.30933	7931.04	6.59217	7933.55	11.8326
1512483743218	25.48	7933.67	4.79583	7932.56	6.20537	7933.15	5.28908	7933	6.3901	7935.62	11.8598
1512483744230	25.47	7931.33	5.12348	7930.44	6.50692	7930.92	5.63414	7930.68	6.4208	7933.38	11.6484
1512483745394	25.48	7932.89	5.51009	7931.36	6.9515	7932.15	5.85728	7932.04	7.04438	7934.73	11.9709
1512483746422	25.48	7932.44	5.0277	7931.48	6.75228	7932	5.55278	7932	6.70199	7934.63	11.9249
1512483747445	25.48	7931.89	4.28499	7931.24	6.5909	7931.62	5.1241	7931.48	6.17198	7933.91	11.8321
1512483748530	25.48	7932.44	4.71993	7931.08	6.63903	7931.85	5.55047	7931.36	6.38279	7933.4	11.8379
1512483749651	25.48	7930.89	5.18277	7929.64	6.28411	7930.46	5.547	7930.04	6.02412	7931.87	11.7437
1512483750723	25.48	7931.44	5.07718	7930.6	5.88784	7931	5.40062	7930.8	5.59762	7932.62	11.6027
1512483751766	25.48	7933.11	4.83333	7931.44	6.32508	7932.54	5.44082	7931.76	5.86856	7933.66	11.7888
1512483752790	25.48	7933.78	5.14242	7932.44	6.06273	7933.38	5.20478	7932.8	5.8238	7934.39	11.873
1512483753919	25.48	7933.11	5.0111	7931.72	6.26844	7932.77	5.24649	7932.28	6.13406	7933.88	11.6657
1512483754970	25.48	7932.11	5.34894	7931.08	6.53146	7931.46	6.02239	7931.32	6.34902	7933.38	11.8286
1512483756065	25.5	7930.78	4.65773	7929.92	6.08906	7930.31	5.18627	7930.4	6.16441	7932.6	11.7709

