Timetstamp	FPA	C9	Sigma	C25	Sigma	D13	Sigma	D25	Sigma	R8	Sigma
FFC
1512487788691	18.71	7958.89	1.96497	7959.2	1.52753	7958.85	1.67562	7959.04	1.42829	7959.29	1.9549
1512487790238	18.84	7958.89	1.96497	7959.2	1.52753	7958.85	1.67562	7959.04	1.42829	7959.29	1.9549
1512487791280	18.86	7964.22	1.64148	7963.84	1.57268	7963.92	1.65638	7963.76	1.94251	7963.86	2.35764
1512487792306	18.86	7969.89	2.26078	7968.8	2.02073	7969.69	1.97419	7968.92	1.91311	7969.27	1.97701
FFC
FFC
FFC
1512487794341	18.98	7971.89	2.42097	7971.96	2.57358	7971.92	2.13937	7971.6	2.23607	7971.55	2.18384
FFC
FFC
FFC
FFC
FFC
FFC
FFC
FFC
FFC
1512487797804	19.2	7932.11	1.53659	7932.2	1.73205	7932	1.35401	7931.96	1.6452	7932.87	2.20617
FFC
FFC
FFC
FFC
FFC
FFC
FFC
FFC
FFC
FFC
FFC
FFC
FFC
FFC
FFC
FFC
FFC
FFC
FFC
1512487807333	19.91	7851.33	1.93649	7850.32	2.19317	7851.08	1.89128	7850.52	2.14321	7851.75	2.43943
FFC
FFC
FFC
FFC
FFC
FFC
FFC
FFC
FFC
FFC
FFC
FFC
FFC
FFC
FFC
FFC
FFC
FFC
FFC
FFC
FFC
FFC
FFC
FFC
FFC
FFC
FFC
FFC
FFC
FFC
FFC
FFC
FFC
FFC
FFC
FFC
FFC
FFC
FFC
FFC
FFC
FFC
FFC
FFC
FFC
FFC
FFC
1512487826622	21.56	7654	2	7652.56	2.46779	7654	2.19848	7653.12	2.26053	7652.03	2.89474
FFC
FFC
FFC
FFC
FFC
FFC
FFC
FFC
FFC
FFC
FFC
FFC
FFC
FFC
FFC
FFC
FFC
FFC
FFC
FFC
FFC
FFC
FFC
FFC
1512487837790	22.38	7591.11	3.01846	7589.68	2.92575	7590.92	2.87117	7590.36	2.81188	7589.26	2.59158
FFC
1512487839406	22.47	7593.11	2.20479	7592.92	2.69134	7593.23	2.04751	7593.32	2.64134	7593.1	2.5248
1512487840952	22.57	7593.11	2.20479	7592.92	2.69134	7593.23	2.04751	7593.32	2.64134	7593.1	2.5248
FFC
1512487843348	22.66	7618.22	1.7873	7618.88	2.3331	7619.08	2.13937	7619.12	2.68204	7619.46	2.63585
1512487844371	22.68	7559.33	2.5	7559.08	2.51529	7559.54	2.3315	7559.04	2.38886	7558.42	2.75677
FFC
1512487845966	22.75	7562.56	2.00693	7561.08	2.85657	7562.38	1.89466	7561.12	2.74348	7560.26	2.7358
FFC
1512487848245	22.86	7548.67	2.78388	7548.6	2.95804	7549.23	2.48843	7548.68	2.41039	7548.25	3.12422
FFC
1512487849514	22.85	7546.11	1.45297	7545.76	2.04695	7545.69	1.70219	7545.68	2.01494	7545.13	2.6756
1512487851020	22.91	7550.56	2.50555	7548.6	2.67706	7550.15	2.40992	7549.04	2.55734	7548.01	2.48851
FFC
1512487852718	22.99	7553	1.65831	7553.36	1.65529	7553.23	1.48064	7553.24	1.61452	7552.79	2.73262
FFC
1512487855083	23.02	7551.56	0.881917	7551.2	1.5	7551.69	1.03155	7551.52	1.78232	7551.56	2.40828
FFC
1512487857172	23.06	7555.11	1.69148	7555.24	2.22261	7555.46	1.98391	7555.56	2.50133	7555.17	2.818
FFC
1512487859767	23.1	7552.11	1.69148	7552.64	1.68028	7552.31	1.6525	7552.4	1.68325	7552.93	2.25014
FFC
1512487862035	23.13	7545.11	2.02759	7545.16	2.21133	7545.31	1.79743	7545.44	2.21886	7544.95	2.59264
FFC
1512487863744	23.16	7555.67	1.80278	7555.04	2.0306	7555.46	1.71345	7555.08	1.99833	7554.92	2.43866
FFC
1512487865453	23.2	7557	2.87228	7557.08	2.72213	7557.08	2.36155	7556.76	2.27816	7556.62	2.77604
FFC
1512487867178	23.21	7554.44	1.81046	7553.96	2.26348	7554	1.95789	7554.04	2.38886	7553.27	2.64771
FFC
1512487868933	23.24	7555.89	1.76383	7554.92	2.03961	7555.46	1.89804	7555.32	1.8868	7554.36	2.36578
FFC
1512487870721	23.28	7546.89	1.76383	7547.08	2.32594	7546.77	1.58923	7547.2	2.51661	7547.26	2.7114
FFC
1512487872405	23.31	7547	1.80278	7547.2	2.29129	7546.85	1.62512	7547.24	2.40278	7547.33	2.66808
FFC
1512487874684	23.33	7547.22	2.94863	7546.64	2.19621	7546.77	2.58695	7546.8	2.3094	7546.21	2.78415
FFC
1512487876508	23.39	7537.33	1.80278	7537.16	2.4779	7537.15	1.86396	7536.92	2.37908	7537.26	2.44686
FFC
1512487877694	23.33	7544.89	2.42097	7545.44	2.48462	7544.92	2.17798	7544.88	2.45493	7543.77	2.803
1512487879269	23.38	7533.56	2.18581	7533.76	2.5865	7534.23	2.24179	7534.32	2.91147	7534.64	2.91245
FFC
1512487881522	23.39	7534.67	1.73205	7534.52	2.48529	7535.08	1.70595	7534.72	2.33666	7534.7	2.57003
FFC
1512487883248	23.42	7539.78	1.98606	7538.8	2.38048	7539.77	2.27866	7539.24	2.43721	7538.86	2.77754
FFC
1512487884957	23.44	7545.33	2.17945	7544.8	1.75594	7545.15	1.86396	7545.04	2.0306	7544.49	2.54973
FFC
1512487887334	23.45	7546.44	2.18581	7546.44	1.89473	7546.31	1.93152	7546.32	1.99416	7546.06	2.35103
FFC
1512487889614	23.44	7540.44	1.81046	7540.2	2.08167	7540.23	2.0064	7540.36	2.11896	7540.02	2.25914
FFC
1512487892148	23.42	7535.11	1.83333	7534.68	1.90875	7534.85	1.62512	7534.6	1.95789	7533.92	2.44931
FFC
1512487893193	23.39	7535.33	2.29129	7535.76	2.22261	7535.54	2.06621	7535.68	2.28619	7535.84	2.41094
1512487894771	23.4	7537.11	1.96497	7536.64	2.39583	7537.15	2.19265	7536.68	2.35797	7537.11	2.80876
1512487895834	23.37	7538.89	1.36423	7538.96	2.22636	7539.08	1.44115	7539.2	2.3094	7539.32	2.92447
FFC
1512487898283	23.33	7542	2	7542.48	1.8735	7542.31	1.88788	7542.36	1.8	7542.3	2.51306
1512487899327	23.3	7539.67	1.73205	7538.88	2.16641	7539.38	1.7097	7538.88	2.14709	7539.24	2.32405
1512487900402	23.24	7544.33	1.65831	7543.2	2.19848	7543.69	2.13638	7543.04	2.3	7542.58	2.57897
FFC
1512487902719	23.21	7545.56	1.94365	7545.36	1.95533	7545.54	1.98391	7545.32	1.93046	7545.19	2.0657
FFC
FFC
FFC
FFC
FFC
FFC
1512487906024	23.23	7575.11	2.31541	7574.36	2.01825	7574.77	2.12736	7574.72	2.33666	7574.45	2.58972
FFC
FFC
FFC
FFC
FFC
FFC
FFC
1512487909259	23.21	7578.44	2.74368	7578.52	2.38258	7578.54	2.40192	7578.84	2.46103	7578.76	2.69409
1512487910874	23.21	7575.56	1.74005	7575.4	2.72336	7575.77	2.08782	7575.52	2.8006	7576.05	2.98135
FFC
FFC
FFC
FFC
1512487912814	23.2	7569.78	1.56347	7568.72	2.07204	7569.62	1.85016	7569.04	2.31805	7568.59	2.39429
FFC
1512487914473	23.21	7569.78	1.56347	7568.72	2.07204	7569.62	1.85016	7569.04	2.31805	7568.59	2.39429
FFC
FFC
FFC
FFC
FFC
1512487916349	23.21	7576.11	2.20479	7575	2.25462	7575.92	1.93484	7575.04	2.28181	7574.41	2.64246
1512487917892	23.25	7576.11	2.20479	7575	2.25462	7575.92	1.93484	7575.04	2.28181	7574.41	2.64246
1512487918918	23.19	7599.11	2.02759	7598.6	2.48328	7598.77	2.04751	7598.24	2.20378	7597.8	2.6086
1512487920009	23.15	7608.44	1.81046	7608.2	1.82574	7608.46	1.71345	7608.12	1.81016	7608.55	2.32489
1512487921094	23.12	7625	1.80278	7624.12	2.31517	7625.08	1.801	7624.12	2.40347	7623.33	2.50462
1512487922118	23.06	7632.56	1.74005	7632.92	1.55242	7632.85	1.62512	7632.64	1.68028	7633.32	2.25661
1512487923134	23.03	7636	2.17945	7635.52	1.71075	7636	1.95789	7635.32	1.74929	7635.26	1.92441
1512487924169	22.98	7637.67	2	7638	1.60728	7638	1.87083	7637.8	1.60728	7638.2	2.24365
1512487925186	22.95	7636.33	1.58114	7636.16	1.37477	7636.54	1.5064	7635.92	1.6052	7636.07	1.89863
1512487926235	22.89	7631.67	2.64575	7632.08	2.01908	7632.23	2.38586	7631.8	2.23607	7632.55	2.25206
1512487927245	22.84	7625.44	1.81046	7626.08	1.84662	7626.15	1.99358	7625.84	1.81842	7626.47	2.28449
1512487928249	22.78	7620.44	1.01379	7620.6	2.16025	7620.92	1.5525	7620.48	2.08407	7620.6	2.23429
1512487929272	22.73	7613.78	2.10819	7613.56	1.98074	7613.85	1.81871	7613.4	2.04124	7614.51	2.4198
1512487930322	22.66	7603.11	2.61937	7603.2	2.53311	7603.62	2.32875	7602.88	2.26053	7603.48	2.3253
1512487931339	22.6	7592	2	7592.56	2.66271	7592.38	2.10311	7592.08	2.48193	7592.82	2.53789
1512487932463	22.52	7585.56	2.00693	7585.92	2.17792	7585.69	2.05688	7585.4	2.32737	7585.74	2.56686
1512487933489	22.45	7569.89	1.90029	7570.36	2.2151	7570.31	2.05688	7570.04	2.05102	7570.62	2.6097
1512487934530	22.38	7557.56	3.74537	7557.28	3.16912	7557.69	3.47334	7557.12	3.24448	7557.61	2.76329
1512487935585	22.3	7546.56	2.60342	7546.6	2.32737	7546.85	2.33973	7546.4	2.14087	7546.84	2.57797
1512487936696	22.22	7530.44	2.651	7530.36	2.13854	7530.69	2.49615	7530.24	2.04695	7531.58	2.60724
1512487937701	22.13	7522.56	2.24227	7522.28	2.37206	7522.46	1.89804	7522.2	2.29129	7522.45	2.56761
1512487938731	22.04	7506.22	2.27913	7506.36	2.69072	7506.15	1.99358	7505.92	2.41385	7507.33	2.85266
1512487939784	21.97	7494.33	2.39792	7495.16	2.4779	7494.69	2.35884	7494.6	2.44949	7494.84	2.28448
1512487940829	21.89	7483.11	1.61589	7483.4	2.3094	7483.08	1.38212	7482.8	2.12132	7482.76	2.82433
1512487941889	21.78	7475.33	2.82843	7475.12	2.58715	7475.15	2.37508	7474.68	2.73435	7474.55	2.83732
1512487942964	21.69	7463	1.80278	7462.64	2.27083	7462.69	1.6525	7462.36	2.44745	7461.02	2.53097
1512487943989	21.62	7449.67	2.95804	7450.16	3.03699	7450.15	2.85325	7449.6	2.88675	7448.51	2.97228
1512487945015	21.52	7440	1.87083	7440	1.77951	7440	1.58114	7439.56	2.08327	7439.58	2.58719
1512487946041	21.43	7427.56	1.424	7428	2.04124	7427.46	1.56074	7427.56	2.10317	7428.04	2.5908
1512487947112	21.35	7416.78	3.30824	7416.64	2.81188	7416.69	2.78043	7416.28	2.7313	7416.55	2.5858
1512487948191	21.25	7407.33	2.39792	7407.56	2.5671	7407.69	2.13638	7407.32	2.46171	7406.6	2.82684
1512487949219	21.18	7396.11	2.61937	7395.96	2.11108	7396.15	2.19265	7395.6	2.21736	7395.66	2.7718
1512487950241	21.09	7387.22	1.85592	7387.68	2.46171	7387.54	1.71345	7387.44	2.51794	7386.72	3.10353
1512487951330	21	7375.89	2.36878	7375.52	2.58392	7375.85	2.0755	7375	2.38048	7374.47	3.06189
1512487952423	20.92	7364.67	2.5	7365.6	2.76887	7364.92	2.46514	7365.08	2.72213	7364.39	3.31668
FFC
1512487954914	20.82	7357.22	2.27913	7357.56	2.43379	7357.54	2.29548	7357.16	2.35726	7356.91	2.68321
FFC
FFC
FFC
1512487958219	20.76	7824.56	1.74005	7823.64	2.27083	7824.23	1.64083	7823.84	2.05508	7822.6	2.32769
FFC
FFC
FFC
FFC
FFC
1512487961441	20.72	7810.89	1.96497	7809.88	2.20454	7810.38	1.85016	7810.32	2.5285	7809.49	2.5395
1512487963047	20.73	7811.33	1.58114	7811	1.52753	7811.08	1.60528	7810.52	1.82848	7810.54	1.98152
1512487964081	20.68	7822.67	1	7823.2	1.58114	7822.46	0.967418	7823.2	1.63299	7823.28	2.388
1512487965170	20.62	7838.78	3.15348	7838.2	2.48328	7838.85	2.67227	7838.04	2.63755	7837.57	2.48884
1512487966228	20.58	7861.22	2.94863	7861.2	2.23607	7861.08	2.56455	7861.16	2.30362	7861.75	2.00268
1512487967236	20.54	7873.89	1.45297	7873.04	1.83666	7873.15	1.67562	7872.72	1.67133	7873.73	2.10652
1512487968261	20.52	7888.11	2.31541	7887.24	2.14631	7887.69	2.28709	7887.32	2.13542	7887.42	2.17366
1512487969356	20.49	7898	1.87083	7897.36	2.11896	7897.46	2.29548	7897.36	2.13854	7896.74	2.41204
1512487970363	20.46	7901.56	2.06828	7901.56	2.12289	7901.08	2.06	7901.56	2.14243	7902.31	2.06277
1512487971454	20.41	7907	2.29129	7907.12	1.9218	7906.77	2.04751	7906.96	1.92527	7907.17	2.15222
1512487972523	20.39	7909.22	1.85592	7909.04	1.48549	7908.77	1.83275	7908.84	1.51877	7909.1	2.09653
1512487973609	20.34	7908.11	1.69148	7908.16	1.65025	7907.69	1.84321	7907.8	1.38444	7908.71	2.08135
1512487974629	20.3	7908.67	1.93649	7908.84	1.7	7908.46	1.6641	7908.52	1.63605	7909.18	1.82861
1512487975684	20.26	7907.33	1.41421	7907.04	1.67033	7906.69	1.75046	7906.72	1.42945	7907.43	1.72196
1512487976705	20.22	7903.56	1.5899	7903.36	1.46856	7903.15	1.57301	7903.24	1.33167	7903.42	1.78391
1512487977706	20.18	7900.33	1.41421	7900.68	2.01494	7900.31	1.49358	7900.64	1.84572	7900.93	1.9592
1512487978748	20.12	7895.33	1.65831	7895.28	2.07204	7895.15	1.51911	7895.04	1.83666	7895.45	2.02546
1512487979762	20.08	7890.44	1.66667	7890.6	1.58114	7890.46	1.6641	7890.52	1.61038	7891.68	1.98442
1512487980914	20.01	7884.78	1.71594	7884.72	1.72047	7884.31	1.70219	7884.44	1.52971	7885.48	1.89866
1512487982037	19.96	7879.22	1.39443	7878.96	1.51327	7878.62	1.55662	7878.76	1.45144	7878.77	2.10403
1512487983078	19.92	7871.33	2.34521	7871.32	1.74929	7871.31	2.17503	7871.32	1.74929	7872.49	2.16294
1512487984088	19.84	7865.89	1.69148	7866.08	1.6563	7866	1.52753	7866	1.73205	7866.4	2.11206
1512487985114	19.8	7859.22	2.27913	7859.92	2.23458	7859.69	2.35884	7859.76	2.31445	7860.89	2.13538
1512487986226	19.73	7854	2.17945	7854	2.3094	7854	2.08167	7853.52	2.14321	7854.74	2.20917
1512487987366	19.68	7846.33	1.87083	7845.76	2.08726	7846.62	1.7097	7845.96	2.38886	7846.08	2.65345
1512487988392	19.62	7840	1.5	7839.88	2.06801	7840.15	1.57301	7839.84	2.33952	7840.62	2.10855
1512487989445	19.56	7833.78	2.04803	7833.6	1.95789	7833.85	1.72463	7833.64	1.93391	7834.22	2.1978
1512487990485	19.5	7830.89	1.16667	7830.08	1.6052	7830.38	1.7097	7829.88	1.85562	7829.55	1.86759
1512487991522	19.45	7823.33	1.41421	7823.12	1.9218	7823.54	1.61325	7823.24	1.96384	7823.21	2.06192
1512487992550	19.39	7816.22	1.20185	7816.48	1.66132	7816.23	1.30089	7816.28	1.64621	7816.49	2.18689
1512487993582	19.34	7811.22	1.71594	7811.36	1.75309	7811.23	1.87767	7811.28	1.86011	7811.6	2.03905
1512487994590	19.27	7805.78	1.92209	7805.48	1.89561	7805.62	1.85016	7805.36	1.75309	7806.04	2.0987
1512487995594	19.22	7801.22	2.16667	7801.48	2.27523	7801.08	2.21591	7801.12	2.20454	7802.28	2.23062
1512487996640	19.16	7796	1.32288	7795.64	1.46856	7795.77	1.42325	7795.36	1.70489	7795.06	2.45413
1512487997666	19.11	7789.11	0.781736	7789.92	1.86905	7789.62	1.38675	7789.56	1.60935	7790.14	2.36426
1512487998774	19.04	7784.56	2.06828	7785.2	2.51661	7784.77	2.27866	7784.96	2.71539	7785.26	2.17352
1512487999892	18.99	7779.89	1.53659	7780	2.25462	7780	1.87083	7779.84	2.15407	7780.38	2.179
1512488000982	18.95	7772.33	2.06155	7772.36	2.59615	7772.15	2.26738	7772.28	2.80654	7772.77	2.27819
1512488002028	18.89	7767.67	1.22474	7768	2.02073	7767.85	1.51911	7767.92	2.21585	7768.78	2.07523
1512488003034	18.83	7764.56	1.5899	7765.16	1.72434	7764.69	1.49358	7764.84	1.65025	7765.39	1.9972
1512488004063	18.77	7760.89	1.96497	7760.8	2.27303	7760.92	2.10006	7760.6	2.27303	7760.9	2.16402
1512488005074	18.72	7756.78	2.3863	7757.36	2.2151	7757	2.3094	7757.08	2.17792	7757.97	2.1924
1512488006080	18.66	7756	1.5	7755.32	1.74929	7755.62	1.89466	7755.08	1.77764	7755.24	1.89785
1512488007328	18.6	7752.11	1.69148	7751.88	1.9	7752.23	1.64083	7751.92	2.11975	7751.61	2.18166
1512488008394	18.54	7747.44	2.06828	7747.68	1.70098	7747.69	1.88788	7747.48	1.78232	7746.66	2.19031
1512488009404	18.49	7741.78	1.92209	7742.12	1.83303	7741.85	1.90815	7741.72	1.86011	7741.88	2.57089
1512488010429	18.45	7738.44	1.50923	7738.68	1.81934	7738.38	1.93815	7738.36	2.03879	7738.69	2.29919
1512488011439	18.4	7736.11	1.36423	7736.44	1.66032	7736.23	1.5359	7736.44	1.89473	7735.86	2.47826
1512488012511	18.34	7731.56	1.5899	7732	1.58114	7731.54	1.45002	7732.08	2.08006	7732.39	2.28226
1512488013540	18.3	7728.22	1.09291	7728.08	1.6052	7728.38	1.38675	7728.04	1.96808	7727.64	2.30074
1512488014544	18.27	7726.22	1.71594	7725.68	1.62583	7725.85	1.62512	7725.4	1.58114	7725.52	2.27324
1512488015590	18.2	7721.78	1.48137	7721.84	1.57268	7721.62	1.44559	7721.48	1.63605	7722.23	2.3251
1512488016688	18.16	7720.78	1.39443	7721.08	1.70587	7720.69	1.31559	7720.68	1.70098	7721.2	2.33466
1512488017723	18.11	7716.67	1.11803	7716.6	1.65831	7716.31	1.25064	7716.24	1.69017	7717.37	2.33312
1512488018727	18.06	7715.33	1	7714.84	1.28062	7714.69	1.49358	7714.8	1.41421	7715.69	2.11266
1512488019758	18.03	7714.78	0.971825	7713.88	1.42361	7714.15	1.62512	7713.84	1.88591	7714.04	1.95622
1512488020784	17.98	7710.56	1.01379	7710.44	1.19304	7710.31	1.37747	7710.52	1.89561	7710.95	2.11219
1512488021835	17.94	7708.33	1.58114	7707.92	1.44106	7708	1.58114	7707.76	1.76257	7707.92	2.24285
1512488022852	17.9	7705.44	1.74005	7705.6	1.65831	7705.23	1.7867	7705.36	1.91224	7706.24	2.21918
1512488023877	17.85	7702.44	1.74005	7703.28	1.51438	7702.77	1.64083	7702.88	1.73973	7703.64	2.06197
1512488024915	17.82	7701	1.22474	7701.12	1.36382	7700.92	1.25576	7700.92	1.6052	7701.33	2.11694
1512488025941	17.79	7699.56	1.13039	7699.64	1.43991	7699.54	1.33012	7699.56	1.47422	7699.98	1.96712
1512488026953	17.74	7697.78	1.20185	7698.64	1.89033	7698.08	1.38212	7698.52	1.93907	7698.93	2.18437
1512488027980	17.71	7695.89	0.781736	7696.64	1.93391	7696.31	1.4367	7696.52	2.2383	7696.67	2.37037
1512488029000	17.68	7692.89	1.45297	7693	1.41421	7692.92	1.44115	7692.96	1.7195	7693.85	2.10733
1512488030110	17.62	7692.33	1.41421	7692.6	1.70783	7692.46	1.71345	7692.4	2.08167	7692.61	2.13609
1512488031155	17.58	7691.44	1.81046	7691.92	1.93477	7691.54	1.98391	7691.4	2.29129	7691.67	2.24123
1512488032181	17.55	7689	1.65831	7688.92	1.6563	7688.69	1.4367	7688.8	1.44338	7689.31	2.26035
1512488033320	17.52	7687.78	1.39443	7687.92	1.52534	7687.77	1.23517	7687.6	1.75594	7688.02	2.31831
1512488034410	17.47	7684.56	1.5899	7684.64	1.65529	7684.46	1.39137	7684.32	1.70098	7684.9	2.4229
1512488035507	17.44	7686.22	1.56347	7686.24	1.61452	7686.31	1.60128	7685.76	1.83212	7685.89	2.11332
1512488036595	17.4	7686.22	1.56347	7686.24	1.61452	7686.31	1.60128	7685.76	1.83212	7685.89	2.11332
1512488037658	17.37	7686.22	1.56347	7686.24	1.61452	7686.31	1.60128	7685.76	1.83212	7685.89	2.11332
Rebooting
FFC
1512488041602	17.07	8003.67	1.65831	8003.04	2.24499	8003.62	2.06311	8003.76	2.25979	8003.18	2.22206
1512488042652	17.08	7995.67	1.65831	7995.08	1.82392	7995.31	1.79743	7995.16	1.92959	7995.47	1.99221
1512488043775	17.07	7992.78	0.971825	7992.36	1.70489	7992.69	1.25064	7992.44	1.58325	7991.63	1.58958
1512488044783	17.06	7992.33	1.87083	7992.08	2.1	7992.15	2.03495	7992.2	1.91485	7992.94	2.13021
1512488045808	17.04	7991.67	1.58114	7991.4	1.75594	7991.46	1.56074	7991.64	1.72916	7992.59	2.12948
1512488046833	17.03	7992.44	1.74005	7992.48	1.73494	7992.62	1.60927	7993.24	2.0672	7994.51	2.79342
1512488047855	17.02	7995.56	1.23603	7994.56	1.63503	7995.23	1.16575	7995.24	1.47986	7995.45	2.10874
1512488048966	17.01	7997.22	1.98606	7996.2	2.10159	7996.85	2.11527	7996.76	1.96384	7996.52	2.10677
1512488049978	17	7996.33	1.73205	7996.04	1.56738	7996.46	1.56074	7996.6	1.60728	7996.62	1.7731
1512488051001	16.98	7999.78	1.09291	7999	1.95789	7999.31	1.60128	7999.48	2.12368	7999.16	2.34967
