Timetstamp	FPA	C9	Sigma	C25	Sigma	D13	Sigma	D25	Sigma	R8	Sigma
1512556154938	23.23	7955.44	2.29734	7955.36	2.46441	7955.54	2.66506	7955.32	2.39305	7956.28	2.64509
1512556155958	23.23	7959.22	0.971825	7958.72	2.35443	7959.23	1.92154	7958.88	2.06801	7957.56	2.8225
1512556156982	23.23	7957.56	2.35112	7958.04	2.50799	7957.92	2.59684	7957.96	2.28181	7958.15	2.47765
1512556158008	23.24	7956.44	1.81046	7957.36	2.37837	7956.85	2.47811	7957	2.43242	7957.28	2.59539
1512556159057	23.23	7956.67	1.87083	7957.12	2.58715	7957.23	2.55453	7957.08	2.30796	7957.68	2.71386
1512556160095	23.23	7958	2.29129	7957.84	2.70308	7958.15	2.70327	7957.6	2.58199	7958.01	2.63587
1512556161124	23.23	7958.56	2.18581	7958.68	2.17409	7958.69	2.05688	7958.48	2.21961	7958.21	2.33598
1512556162205	23.23	7956.67	2.44949	7956.44	2.45085	7956.62	2.59931	7956.48	2.38258	7957.11	2.36675
1512556163225	23.21	7956.33	2.17945	7956.64	2.25241	7956.54	2.25889	7956.68	2.54493	7958.2	3.08771
1512556164265	23.21	7956.22	2.10819	7955.96	2.07123	7956.46	1.89804	7956.2	1.89297	7956.94	2.69681
1512556165305	23.23	7957.11	1.90029	7957.4	2.12132	7957.38	1.80455	7957.28	1.98997	7957.37	2.33088
1512556166416	23.23	7956	1.41421	7956.6	1.84842	7956.46	1.71345	7956.4	1.84842	7956.91	2.62631
1512556167446	23.24	7956.22	1.64148	7956.08	1.97737	7956.15	1.40512	7955.8	1.97906	7955.92	2.40082
1512556168461	23.24	7955.11	1.45297	7954.96	2.0306	7955.15	1.67562	7955.08	2.05994	7955.41	2.43954
1512556169510	23.24	7955.56	1.66667	7954.8	2.10159	7955.31	1.88788	7955.12	1.69115	7955.49	2.41764
1512556170529	23.23	7955.44	1.94365	7956.32	2.46171	7955.77	1.73944	7956	2.29129	7955.77	2.53514
1512556171659	23.24	7956.11	1.90029	7956.96	2.58972	7956.69	2.3939	7956.68	2.32236	7957.23	2.59056
1512556172699	23.26	7956.89	1.45297	7956.68	2.13542	7957	1.77951	7956.48	2.10396	7956.73	2.61605
1512556173776	23.24	7955.22	2.27913	7955.04	2.52455	7955.23	2.16617	7954.88	2.22336	7955.26	2.71332
1512556174783	23.24	7955.89	1.61589	7955.76	1.78606	7955.92	1.44115	7955.64	1.72916	7955.4	2.35902
1512556175808	23.25	7955.89	2.26078	7955.56	2.38188	7956	2.16025	7955.36	2.27083	7954.81	2.44939
1512556176868	23.25	7953.78	2.72845	7953.8	2.53311	7953.85	2.54448	7953.8	2.51661	7954.57	2.62332
1512556177930	23.25	7953	1.73205	7953	2.10159	7953.08	1.801	7952.76	2.10713	7953.75	2.61213
1512556179014	23.25	7955.11	1.45297	7954.2	1.89297	7954.85	1.46322	7954.32	1.74929	7954.18	2.39645
1512556180173	23.25	7955.33	1.32288	7954.8	2.32737	7955.08	1.5525	7954.52	2.20076	7954.47	2.52284
1512556181247	23.25	7954.11	1.90029	7953.72	2.18937	7953.92	1.801	7953.56	2.14243	7953.77	2.33404
1512556182321	23.25	7954.33	1	7954.08	1.75404	7954.46	1.05003	7954.16	1.7	7954.81	2.43593
1512556183412	23.25	7953.67	1.22474	7954.04	1.59374	7953.92	1.25576	7954.16	1.74833	7954.66	2.48897
1512556184451	23.25	7955.44	2.00693	7955.36	2.23383	7955.38	1.98068	7955.16	2.11503	7955.89	2.77216
1512556185523	23.25	7953.56	1.66667	7953.44	2.14243	7953.54	1.8081	7953.32	2.01494	7954.11	2.47223
1512556186529	23.24	7952.89	1.83333	7952.84	1.97231	7952.85	1.67562	7952.88	1.81016	7953.65	2.6771
1512556187620	23.25	7953.11	1.53659	7952.88	2.6032	7953.23	2.38586	7952.84	2.32164	7953.35	2.69262
1512556188703	23.25	7952.44	1.33333	7952.4	2.02073	7952.54	1.56074	7952.56	1.73397	7953.48	2.39373
1512556189794	23.24	7953.11	1.61589	7953.52	1.85113	7953.38	1.55662	7953.32	1.74929	7953.83	2.77141
1512556190819	23.24	7954.22	1.56347	7954.24	1.89912	7954.23	1.48064	7954	1.68325	7954.85	2.6167
1512556191845	23.25	7956	2.54951	7955.08	2.5482	7955.77	2.20431	7955.08	2.28983	7955.07	2.76604
1512556192919	23.24	7954.44	2.18581	7954.2	2.32737	7954.46	2.22169	7954.2	2.08167	7954.9	2.77069
1512556193931	23.23	7954.22	2.58736	7954.04	2.74591	7954.08	2.62874	7953.96	2.33595	7954.75	2.99353
1512556194975	23.24	7954.11	1.96497	7953.8	1.80278	7954.08	1.93484	7953.72	1.83757	7954.23	2.48171
1512556196086	23.25	7954.22	2.72845	7953.36	2.17715	7953.85	2.54448	7953.24	2.16564	7953.62	2.53454
1512556197119	23.24	7953.89	2.89156	7953.6	2.39792	7953.77	2.45472	7953.64	2.17715	7953.56	2.50787
1512556198158	23.25	7955.22	2.48886	7954.84	2.88213	7954.92	2.66025	7954.56	2.63122	7954.47	2.94572
1512556199253	23.25	7954.11	1.53659	7953.68	2.19317	7953.92	1.84669	7953.56	1.85023	7953.41	2.63277
1512556200338	23.25	7953.44	2.45515	7953.08	2.5807	7953.38	2.39925	7953.12	2.31517	7953.21	2.69286
1512556201362	23.25	7953.89	2.47207	7953.48	2.5186	7953.85	2.60916	7953.64	2.36079	7953.96	2.47986
1512556202368	23.26	7952.22	2.3863	7951.96	2.28181	7952.08	2.21591	7952	2.04124	7952.85	2.59471
1512556203470	23.24	7953.56	1.13039	7953.12	2.00666	7953.69	1.4367	7953.28	1.51438	7953.26	2.44473
1512556204479	23.25	7952.44	1.5899	7952.32	1.7253	7952.54	1.45002	7952.48	1.5308	7953.25	2.37013
1512556205505	23.24	7954.11	2.02759	7954.12	2.16641	7954	1.87083	7954.24	1.85472	7954.18	2.51729
1512556206540	23.25	7952.67	1.5	7953.2	1.75594	7952.92	1.38212	7953.4	1.73205	7954.12	2.64797
1512556207572	23.26	7951.11	1.96497	7951.48	2.18174	7951.23	2.35067	7951.36	2.07926	7952.11	2.72096
1512556208609	23.25	7954.56	3.28295	7954.36	2.69072	7954.69	2.98286	7954	2.51661	7953.6	2.58429
1512556209704	23.25	7953.33	3.3541	7953.16	2.67208	7953.23	3.24432	7952.88	2.71293	7953.07	2.61305
1512556210872	23.26	7954.44	2.29734	7953.96	2.45764	7954.31	2.32324	7954	2.19848	7954.04	2.53893
1512556212063	23.25	7953.67	2	7953.44	2.36432	7953.85	2.11527	7953.48	1.96044	7953.33	2.41138
1512556213156	23.25	7952.89	2.02759	7952.52	2.16256	7952.77	2.12736	7952.4	2.19848	7952.47	2.48959
1512556214193	23.25	7953	1.65831	7952.2	1.91485	7952.85	1.51911	7952.44	1.63503	7952.89	2.75824
1512556215240	23.25	7952.89	1.45297	7952.76	2.38537	7952.77	1.69085	7952.8	2.3094	7953.13	2.6678
1512556216266	23.25	7954	1.41421	7953.6	2.17945	7953.85	1.67562	7953.52	2.0232	7953.97	2.64661
1512556217373	23.24	7953.78	1.48137	7953.56	1.82757	7953.62	1.60927	7953.4	1.73205	7953.92	2.56242
1512556218398	23.24	7953.89	1.83333	7953.52	2.12368	7953.69	1.97419	7953.44	2.12289	7953.6	2.54366
1512556219544	23.23	7954.22	2.10819	7953.8	2.23607	7953.77	2.31495	7953.56	2.32881	7954.2	2.75238
1512556220834	23.24	7954.44	1.33333	7954.52	2.08407	7954.38	2.02231	7954.32	2.28619	7955.05	2.67179
1512556221942	23.24	7954.44	1.5899	7954.2	2.04124	7954.38	2.06311	7954.2	1.97906	7954.38	2.6823
1512556223005	23.25	7953.56	1.50923	7953.2	2.19848	7953.38	1.85016	7953.12	2.04776	7953.62	2.72659
1512556224156	23.25	7953.33	1.65831	7953.6	2.19848	7953.46	1.61325	7953.64	1.72916	7954.68	2.64154
1512556225220	23.24	7955.11	1.90029	7954.28	2.28254	7954.85	2.03495	7954.56	1.78139	7954.58	2.85865
1512556226388	23.24	7954.22	1.09291	7953.48	1.96044	7953.92	1.38212	7953.84	1.79536	7954.64	2.91934
1512556227428	23.24	7956.78	2.04803	7956	2.53311	7956.23	2.0064	7956	2.32737	7956.16	2.97676
1512556228462	23.24	7954.89	1.61589	7954.04	2.40624	7954.38	1.66024	7954.16	2.17332	7954.2	2.82762
1512556229567	23.25	7954.22	2.10819	7953.64	2.41316	7953.92	1.89128	7953.88	2.36854	7954.53	2.84137
1512556230593	23.24	7953.22	1.71594	7953.12	1.64114	7953	1.68325	7953.04	1.69509	7953.83	2.48889
1512556231633	23.25	7955.67	1.87083	7955.44	1.87261	7955.69	1.75046	7955.52	1.89561	7955.42	2.47399
1512556232644	23.25	7956.89	2.71314	7956.12	2.31517	7956.69	2.46254	7955.96	2.40624	7955.61	2.62606
1512556233670	23.25	7956.78	1.98606	7956.32	2.09603	7956.85	1.90815	7956.56	1.78139	7956.47	2.54954
1512556234679	23.25	7955.89	2.36878	7955.68	2.15484	7955.92	2.326	7955.72	1.83757	7955.45	2.71539
1512556235800	23.25	7955.56	1.74005	7955.72	1.79165	7955.62	1.89466	7955.76	1.5885	7955.87	2.47673
1512556236973	23.25	7955.44	2.4037	7955.28	1.92614	7955.38	2.2188	7955.24	1.94251	7954.95	2.43614
1512556238000	23.25	7956	1.87083	7955.44	2.2745	7955.85	1.99358	7955.6	1.95789	7955.24	2.6131
1512556239026	23.25	7954.89	1.61589	7955	2.44949	7954.92	1.97744	7955.2	2.02073	7954.95	2.54601
1512556240060	23.25	7956.11	2.02759	7955.24	2.16564	7955.85	2.03495	7955.28	2.05183	7954.52	2.66555
1512556241061	23.25	7955	2.5	7954.36	2.64386	7954.69	2.92645	7954.16	2.77909	7954.2	2.56023
1512556242103	23.25	7953.89	1.90029	7954	2.43242	7954.23	2.5217	7954.04	2.33595	7954.25	2.58255
1512556243129	23.26	7955.78	1.7873	7955.12	2.24202	7955.69	1.70219	7955.24	1.83212	7954.85	2.44166
1512556244214	23.26	7955.44	2.18581	7954.48	2.63186	7955.31	2.09701	7954.72	2.30072	7954.29	2.58979
1512556245253	23.25	7955.56	1.33333	7954.88	1.69115	7955.31	1.37747	7955.04	1.61967	7954.92	2.49774
1512556246319	23.26	7954.67	1.5	7954.48	2.06398	7954.69	1.25064	7954.64	1.72916	7954.76	2.57091
1512556247345	23.26	7955.78	2.81859	7955.32	2.8243	7955.85	2.67227	7955.32	2.71907	7954.74	2.80721
1512556248357	23.26	7955.44	1.94365	7955.28	1.96893	7955.46	1.71345	7955.12	1.83303	7954.82	2.43526
1512556249382	23.26	7954.89	1.83333	7954.8	2	7954.85	2.11527	7954.64	2.09921	7954.44	2.51189
1512556250433	23.26	7952.89	2.20479	7953.16	2.0347	7952.92	2.17798	7952.88	2.31517	7953.59	2.58082
1512556251477	23.26	7954.22	2.72845	7953.48	2.32952	7954	2.58199	7953.32	2.37557	7953.12	2.63887
1512556252490	23.25	7955.44	2.24227	7955.08	2.62869	7955	2.23607	7954.84	2.33952	7955.67	2.95872
1512556253599	23.26	7954	2.23607	7953.44	2.34663	7953.77	2.16617	7953.44	2.29274	7953.84	2.88497
1512556254623	23.26	7953	2.78388	7952.44	2.78508	7953.08	2.53185	7952.64	2.56385	7952.85	2.66726
1512556255647	23.26	7951.89	3.14024	7951.6	2.70801	7951.62	2.98715	7951.32	2.62552	7952.06	2.63033
1512556256690	23.26	7952.33	2	7952.12	2.16641	7952.23	1.87767	7951.88	2.10792	7952.42	2.90757
1512556257700	23.27	7952	3	7951.6	2.34521	7951.77	2.68185	7951.44	2.29274	7952.63	2.94647
1512556258741	23.26	7952.56	1.66667	7952.2	1.87083	7952.54	1.39137	7952.08	1.46969	7952.82	2.72145
1512556259767	23.26	7954.67	1.11803	7954.24	1.92094	7954.77	1.30089	7954.16	1.772	7954.38	2.48683
1512556260793	23.26	7954.33	2.34521	7954.12	2.27889	7954.15	2.23033	7953.8	2.29129	7954.38	2.69995
1512556261818	23.26	7954	2.23607	7953.8	2.48328	7953.92	2.36155	7953.72	2.50865	7954.23	2.67172
1512556263071	23.25	7953.11	2.66667	7953.24	2.36784	7953.23	2.68185	7953.16	2.33952	7953.62	2.66891
1512556264097	23.26	7955.44	2.55495	7954.96	3.11555	7955.23	2.7735	7954.76	2.74287	7954.85	2.82164
1512556265277	23.27	7954.78	2.22361	7954.48	2.64764	7954.85	2.60916	7954.28	2.45832	7954.47	2.72918
1512556266443	23.27	7953.11	1.96497	7953.44	2.31084	7953.54	2.10616	7953.16	2.17332	7953.25	2.49589
1512556267527	23.28	7954.33	1.87083	7953.84	2.64071	7954.23	1.87767	7953.76	2.36784	7953.38	2.47869
1512556268611	23.27	7955.67	2.06155	7954.8	2.44949	7955.38	2.06311	7954.88	2.18556	7954.2	2.52541
1512556269693	23.28	7956.22	2.48886	7955.84	2.35726	7955.77	2.86222	7955.36	2.53114	7954.8	2.65471
1512556270707	23.26	7955.56	1.66667	7955.36	1.823	7955.54	1.71345	7955.16	1.81842	7955.47	2.53315
1512556271787	23.25	7958.11	1.76383	7957.76	2.12681	7957.92	1.89128	7957.48	1.91746	7957.16	2.47068
1512556272857	23.26	7957.33	2.34521	7957	2.10159	7957.15	2.11527	7956.88	1.83303	7956.79	2.40844
1512556273969	23.25	7956.89	2.66667	7956.48	2.32952	7956.54	2.53691	7956.24	2.14631	7956.53	2.59209
1512556275049	23.26	7956.44	2.18581	7955.96	2.20756	7956.15	2.60916	7956	2.14087	7955.97	2.727
1512556276063	23.25	7955.33	2	7955.2	2.04124	7955.38	2.25605	7955.12	2.20454	7955.71	2.66903
1512556277073	23.26	7956.67	1.58114	7956.48	2.31157	7956.46	2.50384	7956.12	2.48864	7955.91	2.72939
1512556278159	23.25	7957	1.80278	7956.52	2.21961	7957.23	1.73944	7956.64	2.01825	7955.93	2.57808
1512556279255	23.26	7956.78	2.81859	7956.24	2.97602	7956.92	3.01279	7956.4	2.82843	7956.06	2.74277
1512556280280	23.27	7957	3.5	7956.96	3.08869	7957.08	3.662	7956.68	3.13209	7956.78	2.59493
1512556281290	23.27	7956.89	3.72305	7956	3.14907	7956.31	3.75021	7955.96	3.07517	7955.84	2.73417
1512556282308	23.26	7956.11	2.57121	7955.36	2.34307	7955.85	2.67227	7955.36	2.32522	7955.27	2.59451
1512556283342	23.27	7954.67	2.12132	7954	2.3094	7954.38	2.53438	7953.92	2.23458	7954.21	2.71597
1512556284450	23.26	7954.67	2.69258	7954.4	2.70801	7954.85	2.99572	7954.4	2.61406	7954.42	2.88585
1512556285466	23.27	7953.22	2.58736	7953.4	2.53311	7953.62	2.75495	7953.36	2.46441	7953.6	2.73336
1512556286556	23.26	7954	2.06155	7953.6	2.17945	7954.08	2.21591	7953.68	2.03552	7953.92	2.49862
1512556287565	23.26	7955.11	1.96497	7955.76	2.24128	7955.38	2.43374	7955.52	2.10396	7955.53	2.40236
1512556288608	23.27	7954	1.32288	7954.48	1.91746	7954.54	1.85362	7954.16	1.86369	7954.58	2.5729
1512556289656	23.26	7955.56	2.00693	7955.6	1.93649	7955.85	2.1543	7955.52	1.89561	7955.56	2.62358
1512556290748	23.27	7955	2	7955.12	1.78699	7955.15	2.03495	7955.12	1.78699	7955.21	2.6494
1512556291855	23.27	7955.44	2.29734	7954.96	2.35372	7955.54	2.18386	7954.92	1.99833	7955.08	2.7232
1512556292939	23.27	7954.33	2.34521	7953.8	2.25462	7954.38	2.25605	7953.88	2.04776	7954.32	2.51218
1512556293955	23.28	7955.56	2.24227	7955.6	2.54951	7955.69	2.56205	7955.56	2.32881	7955.26	2.84957
1512556294965	23.28	7955	2.5	7955	2.39792	7955	2.70801	7954.92	2.28983	7954.66	2.62511
1512556296007	23.26	7956.89	2.36878	7956.2	2.19848	7956.77	2.27866	7956.4	2.04124	7956.18	2.82291
1512556297081	23.27	7956.44	2.12786	7956.48	2.45153	7956.46	2.43637	7956.48	2.14321	7956.49	2.6023
1512556298156	23.28	7955.33	2.39792	7955.4	2.44949	7955.46	2.56955	7955.24	2.35018	7954.96	2.62765
1512556299184	23.28	7955.56	2.29734	7955.96	2.45764	7955.62	2.43374	7956	2.12132	7955.34	2.61318
1512556300223	23.28	7955.56	2.45515	7955.2	2.27303	7955.31	2.49615	7955.12	2.38607	7955.35	2.58001
1512556301296	23.29	7954.78	1.92209	7954.52	2.08407	7954.77	2.0064	7954.28	2.05183	7954.24	2.34191
1512556302400	23.28	7953.89	2.42097	7954.08	2.61279	7954.23	2.68185	7954.04	2.52455	7954.02	2.64275
1512556303444	23.28	7955.22	1.85592	7955.12	2.14709	7955.46	2.14536	7955.08	1.93477	7955.2	2.74158
1512556304470	23.27	7957.56	0.881917	7957.76	2.36784	7957.54	1.6641	7957.48	2.0025	7956.65	2.69233
1512556305579	23.27	7957.11	2.08833	7956.6	2.10159	7957	1.91485	7956.44	1.87261	7955.72	2.43812
1512556306651	23.27	7956.33	2.23607	7955.64	2.32522	7956.23	2.35067	7955.52	2.29347	7955.4	2.45191
1512556307662	23.29	7956	1.65831	7955.88	2.26053	7956.15	1.90815	7955.56	2.06317	7955.31	2.55049
1512556308686	23.27	7956.67	2.06155	7956.76	2.20378	7956.92	2.28989	7956.44	2.04287	7955.89	2.46508
1512556309692	23.27	7957.56	2.50555	7956.76	2.5865	7957.31	2.42846	7956.52	2.36502	7955.94	2.74929
1512556310743	23.27	7958.44	1.50923	7957.72	1.94765	7958.46	1.39137	7957.6	1.70783	7957.34	2.41858
1512556311782	23.27	7958.56	2.12786	7958.48	2.32952	7958.62	2.14237	7958.32	2.09603	7957.77	2.59859
1512556312873	23.29	7955.22	1.92209	7955.68	2.56125	7955.38	2.39925	7955.36	2.51462	7956.25	2.85779
1512556313946	23.27	7954	2	7954.12	2.35089	7954.15	2.11527	7953.88	2.00666	7953.68	2.91523
1512556315038	23.27	7955	2.06155	7954.84	2.54427	7954.85	2.57702	7954.52	2.58392	7954.68	2.71961
1512556316108	23.28	7956.22	1.85592	7955.28	2.40693	7955.92	1.93484	7955.08	2.21585	7954.55	2.51639
1512556317139	23.28	7955.11	2.08833	7955.2	2.46644	7955.38	2.29269	7955.16	2.19241	7955.09	2.52849
1512556318216	23.27	7955.89	2.08833	7955.52	2.2383	7956.15	1.95133	7955.28	2.13151	7954.45	2.8226
1512556319265	23.28	7954.78	2.86259	7954.56	2.70924	7954.69	2.98286	7954.08	2.62869	7953.75	2.81186
1512556320291	23.28	7953.67	2.23607	7953.36	2.07926	7953.38	2.18092	7952.92	2.13931	7952.34	2.6373
1512556321336	23.28	7953.56	2.12786	7953.68	2.39305	7953.85	2.0755	7953.32	2.21209	7952.63	2.64096
1512556322363	23.28	7954.44	2.06828	7954.76	2.52124	7954.77	2.27866	7954.64	2.36079	7954.28	2.70544
1512556323366	23.27	7953.89	1.76383	7954.12	2.38607	7954.38	2.10311	7953.96	2.44063	7954.34	2.76992
1512556324393	23.28	7955.11	1.83333	7955.4	2.12132	7955.15	1.81871	7954.84	2.17332	7954.61	2.40859
1512556325438	23.28	7954.89	1.83333	7954.96	2.31805	7954.92	2.17798	7954.64	2.2891	7954.33	2.56049
1512556326548	23.29	7953.44	2.18581	7953.2	2.38048	7953.38	2.2188	7953.04	2.15019	7953.2	2.71619
1512556327574	23.29	7953.89	2.75882	7953.6	2.75379	7953.92	2.62874	7953.64	2.56385	7953.66	2.51395
1512556328610	23.29	7953.78	2.81859	7953.32	2.30434	7953.69	2.59437	7953.2	2.29129	7952.91	2.61357
1512556329866	23.29	7952.78	1.7873	7953.04	2.16949	7953.15	2.11527	7952.84	2.19241	7952.88	2.63096
1512556330878	23.28	7954.22	2.10819	7953.6	1.93649	7954	2.12132	7953.56	1.91659	7953.34	2.5955
1512556332018	23.28	7955.22	2.43812	7955.96	2.66896	7955.62	2.39925	7955.8	2.69258	7956.21	2.57766
1512556333043	23.27	7956.56	2.18581	7957.04	2.541	7957.15	2.6409	7956.68	2.7037	7956.54	2.48533
1512556334070	23.27	7956.78	2.04803	7956.92	2.19697	7957.38	2.18092	7956.8	2.21736	7956.59	2.69919
1512556335081	23.27	7959.11	1.45297	7957.92	2.17792	7958.85	1.86396	7957.72	2.26421	7957.64	2.51931
1512556336105	23.27	7958.33	1.87083	7957.24	2.38537	7958.15	1.99358	7957.36	2.30723	7957.12	2.64872
1512556337257	23.26	7957.44	2.45515	7957.8	2.81366	7957.69	2.52932	7957.52	2.67893	7957.81	2.7763
1512556338298	23.26	7960.11	1.76383	7958.68	2.47857	7959.46	2.22169	7958.8	2.36291	7958.3	2.74675
1512556339317	23.27	7959.33	1.41421	7958.16	2.39235	7958.77	2.08782	7958.2	2.25462	7958.13	2.71355
1512556340352	23.26	7960	1.73205	7959.6	2.61406	7959.69	1.84321	7959.16	2.4097	7958.54	2.55151
1512556341375	23.27	7958.44	1.81046	7958.52	2.43447	7958.31	1.93152	7958	2.27303	7958.81	2.72267
1512556342382	23.26	7957.22	1.48137	7957.64	2.19621	7957.38	1.85016	7957.2	2.14087	7957.4	2.7862
1512556343399	23.27	7957	2	7957.12	2.45493	7957.15	1.95133	7956.92	2.39653	7957.3	2.93521
1512556344426	23.27	7957	2.23607	7956.88	2.53837	7957.08	2.46514	7956.64	2.34307	7956.69	2.75695
1512556345515	23.26	7958.89	1.61589	7958.72	2.30072	7958.69	1.70219	7958.44	2.14243	7957.76	2.68971
1512556346648	23.27	7957.89	1.69148	7957.88	2.2971	7957.69	1.88788	7957.56	2.00167	7957.01	2.63191
1512556347745	23.27	7957.89	1.76383	7957	1.89297	7957.54	1.89804	7956.96	1.81384	7956.83	2.40589
1512556348820	23.26	7958	2.23607	7957.6	2.3094	7957.92	2.01914	7957.32	2.05589	7957.23	2.82287
1512556349903	23.27	7958.89	1.36423	7958.64	1.89033	7958.92	1.65638	7958.16	2.01412	7957.93	2.4885
1512556350947	23.27	7958.22	2.22361	7957.96	2.13073	7958.23	2.04751	7957.64	2.15793	7957.5	2.32541
1512556351991	23.27	7957.22	1.71594	7957.04	1.79072	7957.31	1.70219	7957	1.65831	7956.92	2.37025
1512556353019	23.27	7958	2.44949	7957.68	2.41039	7958	2.41523	7957.68	2.24944	7958.24	3.02854
1512556354127	23.27	7957.22	2.22361	7957.36	2.19621	7957.23	2.24179	7956.96	2.0306	7957.31	2.70931
1512556355153	23.27	7958.22	2.81859	7957.8	2.44949	7958.08	2.39658	7957.6	2.17945	7957.36	2.61041
1512556356256	23.28	7957.78	2.16667	7957.04	2.09125	7957.46	1.94145	7956.84	1.95107	7956.77	2.50205
1512556357395	23.28	7958.44	2.00693	7958.24	1.98494	7958.46	2.06621	7958.12	1.87794	7957.89	2.93638
1512556358458	23.27	7957.44	2.29734	7957.2	1.80278	7957.23	2.04751	7957.08	1.86905	7956.75	2.82111
1512556359469	23.27	7958.44	1.87824	7958.32	1.4922	7958.23	1.64083	7958	1.70783	7957.72	2.56061
1512556360671	23.27	7959.22	1.30171	7958.44	1.73397	7958.85	1.51911	7958.2	1.84842	7957.52	2.62816
1512556361717	23.27	7959.56	1.50923	7959.12	1.76352	7959.46	1.33012	7958.84	1.7	7959.19	2.60998
1512556362721	23.26	7960.67	2.12132	7959.48	2.36502	7960.54	1.89804	7959.32	2.24944	7958.77	2.71426
1512556363814	23.27	7958.67	1.73205	7958.76	2.00582	7958.85	1.72463	7958.56	2.10317	7959.09	2.5835
1512556364840	23.27	7958.78	1.98606	7958.84	2.2301	7958.92	2.10006	7958.56	2.16179	7959.01	2.56884
1512556365912	23.27	7957.67	2.39792	7958	2.32737	7957.85	2.44425	7957.76	2.31445	7958.15	2.62196
1512556366924	23.27	7958.44	2.06828	7958.84	2.26716	7958.62	2.10311	7958.76	2.31445	7958.98	2.80156
1512556367928	23.27	7960.56	1.74005	7960.16	2.11503	7960.31	1.6525	7960.32	2.23084	7959.89	2.66606
1512556368953	23.27	7959	1.87083	7958.76	1.96384	7958.69	1.84321	7958.8	1.95789	7958.67	2.72027
1512556370077	23.27	7958.22	1.98606	7958.08	1.75404	7958.08	1.84669	7957.84	1.8412	7957.87	2.53363
1512556371118	23.27	7957.67	1.93649	7957.84	1.99332	7957.77	1.7867	7957.6	1.84842	7958.08	2.62384
1512556372247	23.28	7956.78	2.10819	7956.56	2.02237	7956.92	1.801	7956.4	2	7956.81	2.70407
1512556373351	23.29	7959.22	2.43812	7958.48	2.27523	7959	2.08167	7958.16	2.2487	7957.04	2.66113
1512556374367	23.28	7957.11	1.90029	7957.24	1.92094	7957.38	1.66024	7957.16	1.65025	7956.78	2.65893
1512556375517	23.29	7957.33	2.34521	7957.52	1.98158	7957.62	2.32875	7957.36	2.15793	7957.34	2.70716
1512556376588	23.28	7957.78	2.10819	7957.48	1.75879	7957.92	1.84669	7957.52	1.8735	7957.31	2.5914
1512556377604	23.29	7956.22	2.10819	7956.04	1.74356	7956.08	1.84669	7956.12	1.83303	7955.85	2.51033
1512556378613	23.29	7957.89	2.08833	7956.8	2.19848	7957.46	1.85362	7956.56	2.32881	7956.21	2.57968
1512556379724	23.29	7956.11	2.20479	7955.92	2.05994	7956.08	2.21591	7955.6	2.29129	7955.94	2.64699
1512556380794	23.29	7956.44	2.29734	7956.6	2.61406	7956.62	2.72453	7956.48	2.46847	7956.29	2.71162
1512556381867	23.29	7955.67	2.54951	7955.68	2.41039	7955.92	2.92864	7955.36	2.58005	7954.73	2.58399
1512556382959	23.29	7956	2	7955.96	2.28181	7956	2.19848	7955.68	2.32236	7955.74	2.72818
1512556383969	23.28	7955.11	2.02759	7954.92	1.86905	7955	2.08167	7954.88	2.02731	7955.31	2.80157
1512556385031	23.29	7956.22	1.71594	7956.52	1.80555	7956.46	1.76141	7956.24	1.94251	7956.59	2.62087
1512556386047	23.3	7955.89	2.26078	7955.72	2.11187	7956.08	1.97744	7955.72	1.90438	7956	2.85409
1512556387109	23.29	7955.22	2.33333	7955.36	2.15793	7955.31	1.97419	7955.36	1.95533	7955.44	2.85004
1512556388186	23.29	7955.89	1.83333	7956.4	2.25462	7956	2.04124	7956.04	2.09125	7956	2.84495
1512556389227	23.3	7955.11	2.31541	7956.16	2.19241	7955.54	2.47034	7955.76	2.36784	7955.78	2.78334
1512556390241	23.29	7956.78	2.16667	7956.24	2.00582	7956.62	1.85016	7956.12	2.02731	7955.82	2.76135
1512556391290	23.28	7956.78	2.16667	7956.24	2.00582	7956.62	1.85016	7956.12	2.02731	7955.82	2.76135
1512556392327	23.29	7956.78	2.16667	7956.24	2.00582	7956.62	1.85016	7956.12	2.02731	7955.82	2.76135
Rebooting
FFC
1512556396465	23.11	8039	1.73205	8038.68	1.57374	8038.92	1.93484	8038.6	2.06155	8037.35	2.26389
1512556397543	23.15	8029.89	1.05409	8030.08	1.41185	8030.08	1.11516	8030	1.47196	8029.37	2.18766
1512556398569	23.18	8025.22	1.64148	8025.56	1.70978	8025.31	1.49358	8025.08	1.80093	8024.22	2.36227
1512556399611	23.18	8025.33	1.73205	8025.88	1.85562	8025.31	1.60128	8025.52	1.68622	8025.24	2.04067
1512556400612	23.2	8026.67	2	8026.32	1.81934	8026.31	1.93152	8026.12	1.9	8025.08	1.93896
1512556401662	23.23	8030.11	2.52212	8030.24	2.02649	8030.23	2.16617	8029.76	2.40278	8029.02	2.36175
1512556402734	23.24	8032.56	2.45515	8033.2	1.84842	8033.08	2.17798	8033	1.97906	8032.53	2.16277
1512556403789	23.25	8034	2.54951	8033.64	2.11896	8033.77	2.12736	8033.4	2.12132	8033.11	2.21911
1512556404900	23.27	8034.78	1.56347	8035.24	2.08726	8034.77	1.30089	8034.96	1.85921	8035.66	2.26282
1512556405923	23.28	8036.67	1.73205	8036.68	1.93046	8036.38	1.66024	8036.36	1.57797	8036.15	2.33925
1512556406953	23.29	8036.33	1	8036.64	1.60416	8036.31	1.31559	8036.4	1.29099	8036.26	1.94862
1512556408044	23.31	8036	0.866025	8036.44	1.52971	8036.23	0.926809	8036.44	1.41657	8036.46	2.24764
1512556409080	23.32	8035.22	0.833333	8035.8	1.60728	8035.54	1.26592	8035.64	1.52425	8036.19	2.22896
1512556410095	23.32	8037.89	0.927961	8038.8	1.68325	8038.08	0.862316	8038.16	1.17898	8038.35	2.19379
1512556411097	23.33	8037.89	0.927961	8038.2	1.44338	8038.08	0.954074	8037.76	1.42244	8037.19	2.08155
1512556412258	23.34	8037.78	1.09291	8037.56	1.91659	8037.62	1.1209	8037.24	1.69017	8037.03	2.13462
1512556413297	23.34	8035.89	1.05409	8036.08	1.80093	8036.08	1.25576	8035.76	1.53514	8035.65	2.12382
1512556414312	23.34	8035	1.5	8035.52	2.6	8035.23	2.04751	8035	2.25462	8035.61	2.72151
1512556415384	23.34	8034.67	1.87083	8034.96	1.96808	8034.77	1.7867	8034.84	2.01412	8034.35	2.38457
1512556416477	23.37	8033.56	1.33333	8034.04	1.79072	8033.77	1.36344	8033.84	1.74833	8033.58	2.36842
1512556417487	23.37	8033	0.866025	8033.28	1.67133	8032.92	1.03775	8033.04	1.6452	8033.13	2.29412
1512556418539	23.37	8031.78	1.39443	8032.12	1.69115	8031.77	1.42325	8031.84	1.59896	8031.7	1.93187
1512556419564	23.37	8029.33	2.12132	8029.72	2.17025	8029.38	1.85016	8029.44	2.02237	8029.44	2.10832
1512556420575	23.38	8027.11	1.83333	8027.16	1.79536	8027.08	1.5525	8027.2	1.89297	8027.42	2.11272
1512556421655	23.37	8029.67	1.58114	8028.52	2.25684	8029.31	2.01596	8028.6	2.25462	8027.42	2.45285
1512556422745	23.38	8028.11	1.53659	8027.92	1.52534	8027.92	1.5525	8027.68	1.62583	8027.94	2.09072
1512556423771	23.38	8028	1.5	8028.36	1.8	8028.23	1.30089	8028.16	2.01412	8028.32	2.11113
1512556424796	23.38	8026.67	1.80278	8026.76	2.04695	8026.69	1.70219	8026.48	2.0232	8026.88	2.16628
1512556425836	23.38	8026.11	1.76383	8025.8	1.70783	8026.08	1.60528	8025.84	1.7	8025.96	2.01394
1512556426857	23.38	8026.33	2.17945	8026.36	2.03879	8026.38	1.98068	8026.36	1.91224	8026.05	2.17165
1512556427880	23.38	8026.11	2.02759	8026.08	2.13931	8026.23	1.87767	8026.12	1.94336	8025.85	2.18022
1512556428898	23.38	8024.56	2.00693	8024.52	2.12368	8024.77	2.08782	8024.36	2.01825	8024.15	2.04461
1512556429935	23.38	8023.44	1.33333	8023.56	1.89473	8023.77	1.23517	8023.24	1.69017	8023.42	2.31729
1512556430983	23.38	8021.78	1.20185	8022.44	1.89473	8022.38	1.50214	8022.08	1.68127	8022.36	2.1682
1512556432007	23.37	8021.22	1.48137	8021.96	2.24499	8021.46	1.45002	8021.64	2.17715	8021.79	2.34489
1512556433012	23.38	8021.33	1.73205	8022.08	2.43105	8021.92	1.93484	8021.72	2.49199	8021.51	2.36535
1512556434057	23.37	8020.67	1.32288	8021.08	2.03961	8021	1.63299	8020.84	2.2487	8020.31	2.33069
1512556435064	23.37	8019.22	1.85592	8019.44	1.93821	8019.46	1.8081	8019.28	1.79165	8019.44	2.20492
1512556436110	23.38	8017.67	0.866025	8018.56	2.04287	8018.15	1.90815	8018.36	1.95533	8018.83	2.30115
1512556437225	23.34	8016.56	1.23603	8017.48	2.08407	8017.08	1.49786	8017.24	2.24128	8017.92	2.10633
1512556438290	23.37	8019.67	1.32288	8019.84	2.07525	8019.69	1.60128	8019.48	1.93907	8019.52	2.17962
1512556439320	23.37	8017.22	1.48137	8017.6	2.02073	8017.46	1.56074	8017.16	1.90788	8017.01	2.22087
1512556440393	23.36	8016.11	2.80377	8017.44	2.755	8016.54	2.69615	8016.84	2.4779	8016.99	2.61404
1512556441422	23.36	8017.56	2.18581	8017.64	2.43036	8017.69	2.52932	8017.52	2.4173	8017.36	2.40478
1512556442444	23.37	8016.78	2.10819	8017.2	2.64575	8017.31	2.17503	8017.08	2.48193	8016.65	2.25894
1512556443574	23.34	8016.11	1.16667	8016.56	1.80462	8016.38	1.3253	8016.4	1.80278	8016.28	2.15166
1512556444635	23.36	8015.78	1.98606	8016.28	2.22711	8016.08	2.10006	8016	2.17945	8015.78	2.13285
1512556445717	23.37	8014.89	1.90029	8015.52	2.61598	8014.92	1.97744	8015.04	2.16949	8015.45	2.28637
1512556447003	23.37	8012.89	1.76383	8013.32	2.03552	8013	1.73205	8013.08	1.91311	8013.22	2.23772
1512556448031	23.36	8012.56	1.424	8013	1.87083	8012.62	1.44559	8013.08	1.82392	8013.55	2.74211
1512556449124	23.34	8011.67	1.22474	8011.68	1.74929	8011.54	1.19829	8011.8	1.91485	8012.4	2.25264
1512556450196	23.34	8013.22	1.48137	8012.92	1.77764	8013.08	1.38212	8013	1.65831	8012.87	2.15755
1512556451222	23.34	8010.56	1.94365	8011.16	1.97231	8010.77	1.83275	8011.16	1.88591	8011.42	2.14714
1512556452272	23.34	8011.11	1.61589	8011.24	1.85472	8011.08	1.84669	8010.96	1.81384	8011.12	2.14119
1512556453298	23.36	8008.89	2.42097	8009.68	2.37557	8009.38	2.43374	8009.48	2.32952	8009.72	2.35948
1512556454428	23.34	8009.33	0.707107	8009.32	1.51987	8009.46	1.39137	8009.36	1.43991	8009.03	2.14551
1512556455438	23.36	8009.78	1.20185	8010.24	1.71464	8009.77	1.64083	8009.96	1.61967	8010.11	2.55511
1512556456478	23.34	8009.33	1.80278	8009.76	1.80924	8009.46	2.10616	8009.4	1.75594	8009.38	2.22133
1512556457571	23.33	8007.67	2.29129	8008.4	2.21736	8008	2.54951	8008.04	2.18861	8008.38	2.32696
1512556458684	23.34	8006.67	2	8006.72	2.13151	8006.77	2.35067	8006.48	2.04369	8007.31	2.44626
1512556459697	23.32	8006.56	1.66667	8006.68	2.09603	8006.85	2.19265	8006.6	2.10159	8007.89	2.29071
1512556460765	23.32	8006.56	1.33333	8006.68	2.07605	8006.85	2.03495	8006.76	2.14631	8008.11	2.31334
1512556461822	23.32	8006.44	1.50923	8007.32	2.47857	8006.92	2.53185	8007.32	2.41039	8007.98	2.39025
1512556462872	23.33	8007.44	1.424	8007.2	1.89297	8007.69	1.88788	8007.28	1.86011	8007.64	2.187
1512556463977	23.33	8007	1.22474	8007.04	1.48549	8007.23	1.64083	8007.08	1.49778	8007.95	2.14401
1512556465021	23.32	8006.67	0.5	8006.92	1.68127	8006.77	1.30089	8006.72	1.72047	8007.77	2.47905
1512556466064	23.31	8005.78	1.39443	8006.24	1.85472	8005.92	1.32045	8006.28	1.76824	8006.68	2.22683
1512556467076	23.32	8004.67	1.11803	8005.08	1.57903	8004.85	1.28103	8005	1.35401	8005.34	2.14747
1512556468112	23.32	8006.56	1.74005	8006.32	1.8868	8006.31	1.84321	8005.84	1.99332	8005.81	2.00687
1512556469137	23.31	8005.33	1.80278	8005.64	2.11896	8005.69	2.21302	8005.32	2.03552	8005.51	2.0517
1512556470153	23.32	8005.56	1.50923	8005.84	1.88591	8005.92	1.75412	8005.68	1.86458	8005.79	2.09378
1512556471163	23.32	8005.44	1.74005	8005.44	1.60935	8005.77	1.73944	8005.52	1.63605	8005.68	2.17672
1512556472188	23.32	8005.22	1.85592	8005.48	2.2383	8005.38	2.14237	8005.2	2.08167	8005.87	2.33686
1512556473214	23.31	8004.67	1.93649	8005.24	2.0672	8005.08	2.01914	8005.04	1.88149	8005.33	2.17039
1512556474323	23.32	8004.22	2.53859	8004.92	2.05994	8004.69	2.28709	8004.72	2.0108	8004.94	2.17617
1512556475326	23.32	8004.78	2.53859	8004.76	2.57034	8005.31	2.28709	8004.88	2.55473	8004.92	2.37245
1512556476405	23.32	8003.78	2.10819	8004.08	2.25315	8004.15	2.11527	8004.12	2.27889	8004.1	2.25131
1512556477616	23.32	8003.11	1.45297	8003.12	2.3331	8003.15	1.72463	8003.08	2.11975	8003.95	2.24708
1512556478810	23.31	8002.78	1.85592	8003.52	2.04369	8002.85	2.11527	8003.2	2	8004.23	2.44577
1512556479840	23.31	8003.78	1.71594	8004.84	1.90788	8004.31	1.88788	8004.84	2.17332	8005.53	2.60811
1512556480875	23.32	8003.22	1.48137	8003.96	1.98914	8003.31	1.75046	8004.04	2.00998	8004.78	2.27007
1512556481899	23.32	8002.89	1.2693	8003.48	1.66132	8003	1.47196	8003.32	1.79629	8003.88	2.15423
1512556482901	23.31	8003.11	2.02759	8003.24	2.02649	8003	1.82574	8003.04	1.94679	8003.9	2.4186
1512556483926	23.31	8004	2.44949	8004.8	2.10159	8004.23	2.38586	8004.6	2.12132	8005.03	2.42793
1512556484959	23.3	8003.78	1.71594	8004.24	1.76257	8003.92	1.65638	8004.16	1.88591	8004.4	2.13414
1512556486005	23.3	8003.11	1.61589	8003.56	1.95959	8003.31	1.70219	8003.4	2	8003.94	1.9637
1512556487050	23.31	8001.67	1.11803	8002.24	1.73877	8002	1.35401	8002.08	1.6563	8003.15	2.25455
1512556488159	23.3	8003.22	1.85592	8003.76	1.89912	8003.46	1.89804	8003.52	1.85113	8003.75	1.99029
1512556489185	23.31	8001.89	1.83333	8002.52	1.82848	8002.38	1.89466	8002.4	1.75594	8003.26	2.26275
1512556490210	23.31	8002	1.87083	8002.88	2.35089	8002.54	2.06621	8002.68	2.23084	8003.38	2.53684
1512556491220	23.3	8001.11	1.53659	8001.64	1.65529	8001.38	1.38675	8001.48	1.61038	8002.34	2.27696
1512556492272	23.3	8002.11	1.61589	8002.84	1.8412	8002.54	1.89804	8002.6	1.73205	8002.46	2.1602
1512556493283	23.3	8000.67	2	8001.12	1.81016	8000.77	2.08782	8001.08	1.82392	8001.5	2.16777
1512556494333	23.3	8002	1.93649	8002.2	1.63299	8002.54	1.94145	8002.4	1.58114	8001.93	2.25014
1512556495339	23.3	8001.89	1.96497	8002.52	2.18174	8002.15	2.54448	8002.4	2.14087	8002.32	2.17716
1512556496364	23.3	8001	1.58114	8002.08	2.11975	8001.38	2.18092	8002.12	2.22336	8001.99	2.14571
1512556497390	23.3	8002.44	1.424	8003.24	2.1848	8002.62	1.80455	8003.28	2.20832	8003.66	2.11077
1512556498440	23.29	8002.56	1.13039	8002.48	1.47535	8002.54	1.26592	8002.8	1.65831	8002.92	2.20165
1512556499476	23.29	8001.89	1.69148	8002.56	1.82757	8002.23	1.7867	8002.56	1.85023	8002.24	2.13546
1512556500571	23.3	8001.78	1.64148	8002.48	1.73494	8002.38	1.75777	8002.36	1.70489	8002.49	1.90153
1512556501655	23.29	8002	2.95804	8002.4	2.58199	8002.31	2.68901	8002.28	2.47521	8002.22	2.56667
1512556502684	23.29	8001.22	2.04803	8001.6	1.87083	8001.46	1.85362	8001.64	1.89033	8001.95	2.41154
1512556503689	23.29	7999.11	1.83333	8000	2.06155	7999.77	2.45472	7999.96	2.13073	8000.7	2.25251
1512556504782	23.31	7999.22	2.27913	8000.12	2.06801	7999.62	2.2188	7999.92	1.80093	8000.22	2.24868
1512556505823	23.29	7999.33	1.58114	8000.08	1.77764	7999.85	1.67562	7999.8	1.70783	7999.82	2.15621
1512556506860	23.29	8000.67	2	8000.48	2.06398	8000.54	1.98391	8000.2	2.04124	8000.41	2.69902
1512556507892	23.3	8000.44	1.81046	8000.36	1.84572	8000.31	1.84321	8000.12	1.78699	8000.03	2.38683
1512556508949	23.29	7999.44	1.74005	7999.52	1.82848	7999.54	1.89804	7999.32	1.8421	7999.46	2.25458
1512556509957	23.29	8000.44	2.00693	8001.16	1.95107	8001.08	2.17798	8001	1.89297	8001.02	2.19961
1512556511066	23.29	8001.33	2.34521	8001.36	2.07926	8001.46	2.22169	8001.32	2.03552	8000.92	2.17925
1512556512135	23.29	7999.56	1.424	7999.88	2.04776	7999.85	1.51911	7999.76	1.87705	8000.02	2.05385
1512556513263	23.28	7998.56	2.12786	7999.24	2.65016	7999	2.54951	7999.04	2.52455	7999.47	2.49801
1512556514287	23.28	8002.11	2.36878	8002.56	2.29274	8002.31	2.35884	8002.32	2.49533	8002.27	2.33852
1512556515380	23.28	8000.56	2.18581	8001.12	2.6032	8000.77	2.71274	8000.76	2.57034	8001.55	2.36035
1512556516490	23.29	8002.22	1.7873	8002.56	2.38188	8002.15	2.26738	8002.08	2.13931	8002.56	2.38656
1512556517545	23.29	8000.56	2.35112	8001.28	2.24574	8000.77	2.45472	8000.88	2.10792	8001.48	2.26171
1512556518596	23.3	8001.11	2.31541	8001.44	2.2745	8001.31	2.42846	8001.24	2.20378	8001.66	2.25128
1512556519622	23.29	8000.89	2.26078	8001.36	2.51462	8000.77	2.48843	8001.16	2.33952	8001.38	2.21221
1512556520633	23.29	8001.33	2.06155	8001.84	2.42693	8001.08	2.53185	8001.68	2.37557	8001.74	2.38869
1512556521730	23.29	8002.11	1.83333	8002.16	2.17332	8001.69	2.46254	8001.84	2.13464	8002.48	2.41974
1512556522738	23.29	8002.11	2.02759	8002.64	2.25241	8001.92	1.89128	8002.2	2.27303	8002.6	2.27793
1512556523829	23.29	8001.44	1.66667	8002.76	2.50466	8001.92	2.13937	8002.32	2.21209	8003.09	2.57828
1512556524963	23.28	8002.67	1.22474	8003.56	2.08327	8003.23	2.20431	8003.24	2.10713	8003.82	2.35037
1512556525978	23.29	8003.33	1.41421	8003.6	1.84842	8003.69	2.17503	8003.48	1.8735	8003.56	2.27024
1512556527004	23.29	8002.56	1.13039	8003.12	2.06801	8002.77	1.36344	8002.92	1.97737	8002.98	2.28326
1512556528054	23.29	8001.33	1.41421	8002.28	2.63818	8001.62	2.18092	8001.96	2.45764	8002.07	2.46537
1512556529100	23.28	8003.89	1.45297	8004.04	2.18861	8004.15	1.62512	8003.92	2.27156	8003.8	2.22266
1512556530141	23.27	8002.56	0.881917	8003.24	1.96384	8002.85	1.51911	8002.88	1.83303	8003.33	2.14869
1512556531189	23.28	8004.56	1.13039	8004.8	2.32737	8004.77	1.42325	8004.52	2.16256	8004.39	2.22682
1512556532239	23.27	8003.89	1.2693	8004.12	2.24202	8003.92	1.38212	8003.8	2.08167	8003.83	2.13928
1512556533437	23.28	8004.22	2.86259	8004.48	2.6	8004.15	2.88231	8003.96	2.7	8003.6	2.29161
1512556534478	23.28	8002.11	2.42097	8002.64	2.59615	8002.46	2.43637	8002.2	2.38048	8002.4	2.13146
1512556535504	23.28	8002	1.41421	8002.52	2.20076	8002.15	1.77229	8002.36	2.05913	8003.35	2.38675
1512556536571	23.28	8003.44	1.81046	8003.64	1.95533	8003.92	2.13937	8003.48	1.91746	8003.2	1.95672
1512556537618	23.27	8003	1	8003.48	1.85113	8003.38	1.50214	8003.2	1.65831	8003.11	2.11332
1512556538633	23.28	8002.33	2.12132	8002.56	2.64701	8002.54	2.63361	8002.36	2.59615	8002.55	2.20756
1512556539682	23.28	8001.33	1.41421	8002.32	2.62552	8001.77	1.73944	8001.88	2.45493	8002.4	2.42843
1512556540695	23.27	8000.89	1.76383	8001.88	2.77369	8001.54	2.36697	8001.56	2.72458	8002.65	2.69069
1512556541721	23.27	8002.22	1.71594	8002.32	2.21209	8002.54	2.06621	8002.12	2.04776	8002.72	2.48257
1512556542758	23.27	8002.78	1.39443	8002.48	1.75879	8002.69	1.75046	8002.12	1.81016	8002.3	2.25297
1512556543784	23.27	8002.56	1.5899	8003.52	2.64764	8002.85	2.30384	8002.88	2.48864	8004	2.56783
1512556544798	23.26	8002.56	1.66667	8002.96	2.541	8003	2.08167	8002.56	2.53443	8002.87	2.36485
1512556545872	23.27	8002.22	1.56347	8002.56	2.23756	8002.69	1.70219	8002.4	2	8002.69	2.21849
1512556546964	23.26	8001.33	2.39792	8002.04	2.63755	8001.85	2.82389	8001.88	2.57099	8001.89	2.11332
1512556547989	23.26	8000.44	1.5899	8001.32	2.34023	8001	2.23607	8001.08	2.13931	8002.42	2.55069
1512556549015	23.27	8000.56	1.66667	8001.4	2.44949	8001.08	2.06	8000.96	2.22636	8001.61	2.31399
1512556550040	23.27	8000.56	1.81046	8001.12	2.42074	8001	2.12132	8001.04	2.24499	8001.58	2.23742
1512556551114	23.28	8002.78	1.56347	8003.16	2.15407	8002.85	1.67562	8002.76	2.04695	8003.34	2.39477
1512556552190	23.27	8000.89	1.69148	8001.12	2.06801	8000.92	1.60528	8000.84	1.86369	8001.22	2.1883
1512556553215	23.27	7999.67	1.22474	8000.56	2.31084	8000.31	2.01596	8000.28	2.15097	8000.64	2.48572
1512556554301	23.28	8001.78	1.39443	8002.04	2.20756	8002.08	1.75412	8001.92	2.19697	8001.9	2.30842
1512556555456	23.27	8001.11	1.16667	8001.04	1.98914	8001.31	1.49358	8000.92	1.89121	8001.31	2.25387
1512556556547	23.27	8002.44	2.12786	8002.52	2.38258	8002.69	2.3939	8002.28	2.49199	8002.15	2.40652
1512556557562	23.27	8001.11	2.02759	8001.08	2.39653	8001.46	2.18386	8000.96	2.38886	8001.2	2.70717
1512556558634	23.27	8001.56	1.33333	8001.2	2.04124	8001.38	1.38675	8001.12	1.83303	8001.3	2.29648
1512556559674	23.28	7999.56	1.13039	8000.08	2.30796	7999.69	1.54837	7999.92	2.05994	8000.58	2.27189
1512556560738	23.28	7999.78	1.64148	8000	2.3094	7999.85	1.72463	7999.92	2.1587	8000.44	2.20964
1512556561778	23.28	8000.11	1.83333	8000.68	2.54493	8000.77	2.27866	8000.48	2.18174	8000.74	2.45535
1512556562804	23.28	8000.44	1.81046	8000.96	2.22636	8000.77	1.87767	8000.64	1.93391	8001.13	2.28046
1512556563830	23.28	7998.78	1.7873	7999.28	2.17025	7998.85	1.67562	7999.04	1.7195	7999.86	2.30852
1512556564839	23.28	7997.89	2.02759	7998.8	2.41523	7998.23	2.24179	7998.48	2.18174	7999.12	2.20442
1512556565881	23.27	7998.89	1.90029	7999.08	2.01908	7998.77	1.69085	7998.92	1.93477	7998.87	2.22645
1512556566907	23.28	7998.33	2.12132	7998.8	2.67706	7998.69	2.09701	7998.56	2.41661	7999.59	2.355
1512556567933	23.29	7997.67	1.58114	7998.04	2.38886	7998.23	1.96443	7997.8	2.23607	7998.2	2.22336
1512556568958	23.28	7998.22	2.68225	7999	3.06866	7998.62	2.8148	7998.76	3.08599	7998.47	2.51464
1512556569984	23.29	7999.78	1.09291	7999.88	2.1276	7999.77	1.42325	7999.48	1.78232	7999.69	2.05567
1512556570997	23.28	7999.89	1.69148	8000.12	2.00666	8000	1.68325	8000.08	1.91311	7999.93	2.18778
1512556572045	23.28	7998.56	1.23603	7998.8	1.89297	7998.69	1.88788	7998.68	1.90875	7999.28	2.09579
1512556573061	23.28	7998.56	0.881917	7998.64	1.72916	7998.62	1.04391	7998.52	1.66132	7999.19	1.91745
1512556574086	23.29	7998.89	1.16667	7999.08	2.30796	7998.92	1.97744	7998.76	2.02649	7999.33	2.33456
1512556575112	23.29	7999.33	2.34521	7999.44	2.51794	7999.38	2.53438	7999	2.3094	7999.21	2.2177
1512556576258	23.28	7999.33	2.34521	7999.44	2.51794	7999.38	2.53438	7999	2.3094	7999.21	2.2177
Rebooting
FFC
1512556580812	23.1	8040.11	1.76383	8039.08	2.01908	8039.46	2.18386	8039.08	1.91311	8038.23	2.18721
1512556581831	23.14	8030.78	2.3863	8030.6	1.84842	8030.54	2.25889	8030.68	1.95192	8030.67	2.05704
1512556582847	23.16	8028.11	2.36878	8028.12	2.02731	8028	2.04124	8028.2	2	8027.82	2.00781
1512556583872	23.18	8026.78	2.04803	8027.2	1.73205	8026.77	1.73944	8027.04	1.69509	8027.01	1.9053
1512556584944	23.2	8028.89	1.83333	8029.28	2.07204	8029.15	1.99358	8029.16	2.19241	8028.35	2.0358
1512556585969	23.21	8029.56	2.24227	8030.28	2.09205	8029.69	2.28709	8029.96	2.11108	8029.79	2.04851
1512556587063	23.23	8034	2.12132	8034.36	1.91224	8033.77	2.04751	8033.96	2.07123	8033.79	2.38016
