Timetstamp	FPA	C9	Sigma	C25	Sigma	D13	Sigma	D25	Sigma	R8	Sigma
1512553992642	13.95	8235.11	2.20479	8234.56	2.23756	8234.69	2.17503	8234.6	2.53311	8234.35	2.38019
1512553993745	13.95	8234.22	1.98606	8234	1.93649	8234	1.77951	8234.08	2.1	8233.74	2.19261
1512553994771	13.95	8234.22	1.56347	8234.04	1.45717	8234.08	1.5525	8234.04	1.54056	8234.06	2.0519
1512553995796	13.95	8236.22	2.72845	8235.12	2.22336	8235.77	2.38586	8235.36	2.32522	8234.66	2.18831
1512553996816	13.95	8235	2.12132	8234.76	2.02649	8234.77	2.42053	8234.76	2.08726	8234.37	2.1101
1512553997847	13.95	8235.78	1.56347	8235.04	1.74356	8235.23	1.7867	8235.08	1.75404	8233.93	1.90529
1512553998873	13.96	8236.11	2.02759	8235.88	1.69115	8235.85	1.86396	8235.68	1.93046	8234.63	2.18766
1512553999899	13.96	8235.22	1.39443	8235.4	1.55456	8235.31	1.49358	8235.32	1.86458	8234.74	2.05336
1512554000924	13.96	8234.44	1.23603	8234.4	1.47196	8234.31	1.79743	8234.12	1.98578	8233.62	2.007
1512554001951	13.95	8233.67	1.41421	8233.68	2.13542	8233.31	2.25036	8233.48	2.2383	8233.24	2.28108
1512554003022	13.96	8234.11	1.76383	8234.24	1.66533	8234.15	1.77229	8234.24	1.76257	8233.93	2.24419
1512554004100	13.96	8233.11	1.36423	8232.8	1.58114	8232.85	1.62512	8232.84	1.86369	8232.77	2.20318
1512554005142	13.96	8234.89	2.89156	8234.12	2.55473	8234.15	2.82389	8234.04	2.63755	8233.2	2.34134
1512554006176	13.96	8234.56	1.87824	8234.4	2.19848	8234.15	2.0755	8234.52	1.98158	8233.54	2.25448
1512554007179	13.95	8234.78	1.20185	8234.08	1.70587	8234.15	1.57301	8234.12	1.64114	8233.21	1.99255
1512554008218	13.95	8236.33	1.41421	8236.24	1.76257	8236.08	1.801	8236.12	1.76352	8234.82	2.17065
1512554009256	13.95	8235.67	1.58114	8235.6	1.65831	8235.15	1.77229	8235.4	1.87083	8234.47	2.16028
1512554010280	13.97	8235.89	2.02759	8235.36	1.8	8235.38	2.02231	8235.24	2.00582	8233.93	2.03227
1512554011295	13.97	8235.11	2.08833	8234.2	1.87083	8234.54	2.22169	8234.12	2.04776	8232.65	1.96816
1512554012360	13.96	8233.44	1.87824	8232.96	1.81384	8233	1.91485	8232.96	2.13073	8231.96	1.96684
1512554013460	13.97	8233.44	2.35112	8233.44	2.06317	8233.15	2.30384	8233.32	2.21209	8232.78	2.23474
1512554014486	13.96	8234.11	1.76383	8233.8	1.95789	8233.92	1.801	8233.76	2.00582	8232.98	2.43772
1512554015509	13.97	8234.33	2.23607	8233.36	2.37837	8233.38	2.66266	8233.6	2.19848	8233	1.95256
1512554016521	13.96	8234.67	2.39792	8234.2	3.14907	8234	2.91548	8234.32	3.11876	8233.35	2.18868
1512554017547	13.97	8234.56	2.24227	8234	2.29129	8233.92	2.28989	8234.08	2.27156	8232.57	2.31987
1512554018573	13.96	8234	2.54951	8233.64	1.95533	8233.69	2.25036	8233.76	1.96384	8233.17	2.19772
1512554019713	13.97	8234.67	2.64575	8233.72	2.33666	8234.31	2.52932	8233.8	2.23607	8233.05	2.39518
1512554020788	13.96	8233.56	2.87711	8233.84	2.15407	8233.62	2.56705	8233.6	2.12132	8233.05	2.27702
1512554021879	13.96	8234.11	2.14735	8233.88	2.04776	8233.85	2.37508	8234.08	1.97737	8233.36	2.44375
1512554022905	13.96	8234	2	8233.36	1.86815	8233.62	2.14237	8233.44	2.02237	8233.21	2.06371
1512554023929	13.96	8237.89	1.83333	8237.84	2.13464	8237.69	1.88788	8237.88	2.1276	8235.7	2.53328
1512554024955	13.95	8234.89	1.90029	8234.76	1.69017	8234.69	1.60128	8234.8	1.84842	8233.83	2.21347
1512554026006	13.95	8235	1.80278	8234.28	1.6207	8234.62	1.80455	8234.2	1.73205	8233.65	2.00487
1512554027120	13.95	8236.44	2.06828	8235.08	2.1	8235.54	2.22169	8235.24	1.98494	8234.11	2.28527
1512554028162	13.95	8235.11	2.52212	8234.56	2.00167	8234.62	2.29269	8234.56	2.16179	8234.01	2.33296
1512554029187	13.93	8234	1.5	8233.88	1.33292	8233.77	1.48064	8233.88	1.56312	8234.3	2.02404
1512554030201	13.92	8235.56	1.5899	8234.56	1.66032	8235	1.73205	8234.56	1.87261	8234.77	2.0798
1512554031349	13.95	8237	1.80278	8236.4	1.65831	8236.46	2.06621	8236.36	1.97653	8235.97	2.21838
1512554032362	13.93	8234.11	1.76383	8233.64	1.46856	8233.77	1.64083	8233.64	1.46856	8232.68	2.18389
1512554033448	13.92	8234.67	2.29129	8234.44	1.75784	8234.54	2.14536	8234.56	2.00167	8234.4	2.1678
1512554034544	13.92	8235	2.44949	8234.24	2.0672	8234.46	2.40192	8234.36	2.19621	8234.5	2.494
1512554035555	13.93	8236	2.06155	8235.72	2.11187	8235.92	2.4311	8235.8	2.06155	8235.09	2.20499
1512554036579	13.92	8234.78	1.64148	8234.32	1.97315	8234.62	2.18092	8234.44	2.04287	8234.4	2.20355
1512554037621	13.93	8235.78	2.04803	8235.12	1.78699	8235.54	1.85362	8235.24	1.66533	8234.46	2.16501
1512554038761	13.92	8235.56	2.06828	8234.88	2.42074	8234.69	2.49615	8234.68	2.28619	8234.62	2.57353
1512554039819	13.92	8235.56	1.81046	8234.84	2.35726	8234.92	2.59684	8234.76	2.20378	8233.83	2.22832
1512554040843	13.92	8234.22	1.85592	8233.44	2.06317	8233.46	2.43637	8233.28	2.37206	8233.03	2.21603
1512554041869	13.93	8235.11	3.14024	8234.32	2.42762	8234.85	2.6409	8234.48	2.53509	8233.43	2.12782
1512554042911	13.93	8233.44	2.50555	8232.96	2.15019	8233	2.48328	8232.92	2.37908	8233.14	2.30401
1512554044055	13.93	8232.56	2.74368	8232.56	2.38188	8232.38	2.43374	8232.44	2.66271	8233.1	2.35311
1512554045126	13.91	8234.56	3.35824	8234.04	2.50799	8234.08	2.90004	8234.04	2.66896	8234.01	2.01812
1512554046152	13.92	8233.89	1.76383	8233.6	1.63299	8233.54	1.76141	8233.64	1.823	8233.5	1.84595
1512554047349	13.92	8233.78	1.71594	8233.36	1.72916	8233.46	1.6641	8233.32	2.07605	8233.13	2.01879
1512554048447	13.92	8233.89	1.96497	8233.52	1.73494	8233.62	1.98068	8233.44	2.06317	8232.85	2.20551
1512554049560	13.92	8234.44	2.50555	8234.08	1.91311	8234.38	2.32875	8234.04	2.05102	8233.17	2.09334
1512554050596	13.92	8235.89	2.848	8235.28	2.26421	8235.38	2.56705	8235.28	2.37206	8234.67	1.94291
1512554051647	13.92	8234.22	2.48886	8234.28	2.38956	8233.92	2.28989	8234.24	2.63439	8234.07	2.25114
1512554052674	13.92	8236	2.95804	8235.36	2.41316	8235.31	2.68901	8235.4	2.61406	8234.8	2.22734
1512554053738	13.92	8237.44	2.35112	8236.84	1.88591	8237.15	2.0755	8236.84	2.21133	8235.39	2.22448
1512554054813	13.92	8237.33	2.29129	8237.2	2.04124	8237.15	1.95133	8236.92	2.34379	8235.66	2.26779
1512554055855	13.91	8237	1.5	8236.72	2.09205	8236.85	1.28103	8236.72	2.18937	8235.91	2.471
1512554056883	13.91	8235.67	1.87083	8236.2	2.25462	8235.69	1.70219	8236.16	2.33952	8235.7	2.50268
1512554057974	13.91	8235.56	2.74368	8235.36	2.15793	8235.31	2.46254	8235.44	2.21886	8235	2.37829
1512554059030	13.9	8235.33	2.69258	8234.96	2.00998	8235.08	2.56455	8235	2.32737	8234.82	2.11721
1512554060094	13.91	8236.56	2.92024	8235.92	2.28983	8235.85	2.91108	8235.92	2.46509	8236.32	2.19384
1512554061097	13.91	8237.22	1.98606	8237.36	1.84572	8237.08	1.97744	8237.36	1.97653	8237.22	2.0709
1512554062123	13.91	8237.44	2.00693	8237	1.82574	8236.92	1.93484	8237	1.95789	8237.08	2.18641
1512554063148	13.9	8236	1.5	8235.96	1.42829	8235.92	1.38212	8235.96	1.67033	8236.15	2.12456
1512554064174	13.91	8236.44	1.81046	8236.32	2.05589	8236.38	2.25605	8236.32	2.11581	8235.75	2.08924
1512554065248	13.91	8236.11	2.42097	8236.04	2.11108	8235.69	2.65784	8235.84	2.37487	8235.5	2.12653
1512554066255	13.92	8236.22	1.64148	8235.68	1.99416	8235.92	2.10006	8235.68	2.35797	8235.69	2.24229
1512554067259	13.91	8235.67	1.87083	8235.16	2.19241	8235.23	2.08782	8235.44	2.70924	8235.25	2.26909
1512554068277	13.92	8235.67	1.87083	8235.12	2.10792	8235.23	2.16617	8235.2	2.32737	8235.23	2.25752
1512554069303	13.91	8237	2.29129	8236.08	2.21585	8236.54	2.40192	8236.4	2.25462	8235.6	2.29841
1512554070377	13.91	8237.67	2.59808	8236.84	2.37487	8237	2.70801	8236.96	2.3	8236.22	2.0277
1512554071402	13.93	8235.33	1.87083	8235	2.32737	8234.69	2.92645	8234.96	2.35372	8234.78	1.99664
1512554072493	13.92	8234.44	1.94365	8234.28	2.17025	8233.85	2.37508	8234.28	2.15097	8234.68	2.13122
1512554073567	13.91	8235.56	2.18581	8235.76	1.85472	8235.69	2.09701	8235.72	2.17025	8235.5	2.20351
1512554074643	13.92	8236.56	1.94365	8236.6	1.65831	8236.62	1.80455	8236.64	1.89033	8236.13	2.06378
1512554075736	13.91	8233	2.17945	8233.92	2.46509	8233.23	2.42053	8233.72	2.33666	8234.06	2.03262
1512554076759	13.91	8234.89	2.61937	8235.2	2.17945	8234.85	2.40992	8234.88	2.18556	8234.77	2.1139
1512554077833	13.91	8236.33	2.06155	8235.6	1.80278	8236.08	1.93484	8235.44	2.02237	8234.41	2.05733
1512554078860	13.92	8234.33	1.73205	8234.16	1.88591	8234.23	2.04751	8234.08	2.08006	8233.72	2.10818
1512554079902	13.92	8235.44	2.12786	8235.56	2.2745	8235.15	2.33973	8235.36	2.41316	8234.91	2.11926
1512554080920	13.92	8234.78	2.27913	8234.8	2.08167	8234.62	2.29269	8234.88	2.16641	8234.54	1.95783
1512554081953	13.92	8233.33	2.34521	8233.56	1.91659	8233.54	2.43637	8233.68	1.97315	8233.96	1.92255
1512554082962	13.92	8235	2.44949	8234.92	2.1587	8235	2.73861	8234.88	2.18556	8234.5	2.01071
1512554084003	13.91	8234.78	2.04803	8234.76	1.92094	8234.62	2.36426	8234.8	2.25462	8234.73	2.18898
1512554085029	13.91	8235.11	1.76383	8235	1.68325	8234.77	2.12736	8235	1.95789	8234.98	1.88601
1512554086066	13.92	8237.56	1.74005	8237.88	2.72825	8237.38	2.50128	8237.72	2.7313	8236.42	2.31746
1512554087179	13.91	8237.33	1.65831	8237.12	2.4379	8237	2.51661	8237.08	2.30796	8236.11	2.21441
1512554088228	13.92	8235.44	2.06828	8235.6	1.77951	8235.15	2.19265	8235.48	1.75879	8234.97	1.78954
1512554089255	13.93	8237	2.54951	8236.6	2.3094	8236.69	2.49615	8236.96	2.52455	8236.29	2.25434
1512554090302	13.93	8236	2.12132	8236.32	2.05589	8235.69	2.17503	8236.4	2.27303	8235.39	2.04615
1512554091412	13.95	8235	2.29129	8234.72	2.0108	8234.85	2.1543	8234.96	2.05102	8234.07	1.92046
1512554092535	13.93	8236.56	2.12786	8235.72	1.90438	8236.31	2.09701	8235.96	2.20756	8235.22	2.5713
1512554093560	13.93	8234.67	2.06155	8233.88	1.76352	8234.31	2.01596	8234.2	1.97906	8233.37	2.08559
1512554094619	13.93	8235	2.12132	8234.52	1.71075	8234.46	1.98391	8234.4	1.95789	8233.48	2.26636
1512554095624	13.93	8234.89	2.08833	8234.72	2.05183	8234.62	2.29269	8234.6	2.23607	8233.65	2.2127
1512554096702	13.93	8234.44	2.12786	8234.32	1.81934	8234.38	2.14237	8234.76	1.94251	8234.62	2.38199
1512554097794	13.93	8233.78	2.3863	8233.84	1.95107	8233.69	2.21302	8234.04	2.11108	8233.91	2.35131
1512554098819	13.93	8233.89	1.96497	8233.88	2.04776	8233.77	2.24179	8233.84	2.05508	8233.88	2.12257
1512554099877	13.95	8233.89	2.08833	8234	1.95789	8233.85	2.37508	8233.92	2.08006	8233.72	1.91394
1512554100984	13.95	8232.89	1.90029	8233.16	1.92959	8232.92	2.36155	8232.8	2.08167	8232.63	2.10795
1512554101998	13.95	8233.56	1.74005	8233.28	1.76824	8233.38	2.06311	8233.04	2.09125	8232.25	1.96858
1512554103134	13.97	8233.44	2.4037	8233.36	2.03879	8233.15	2.33973	8233.36	2.19621	8232.89	2.16205
1512554104175	13.93	8232.22	1.7873	8232.2	1.68325	8231.85	1.81871	8231.96	1.69509	8231.55	2.07889
1512554105201	13.95	8235.11	1.45297	8234.12	1.83303	8234.62	1.85016	8234.2	1.84842	8233.8	2.15363
1512554106227	13.95	8233.67	1.73205	8232.76	1.76257	8233.08	1.89128	8232.76	1.73877	8232.3	1.97717
1512554107264	13.96	8233.89	2.08833	8233.16	2.01412	8233.54	2.22169	8233.16	2.05508	8232.98	2.01287
1512554108429	13.97	8233.22	1.56347	8232.28	1.79165	8232.62	1.89466	8232.2	1.60728	8232.27	1.86244
1512554109515	13.96	8234.44	2.74368	8233.52	2.32952	8233.77	2.61896	8233.64	2.19621	8232.06	2.13753
1512554110607	13.96	8233.67	1.87083	8233.32	1.77294	8233.08	2.28989	8232.96	1.96808	8232.78	2.05251
1512554111681	13.96	8231.67	1.65831	8231.96	1.74356	8231.54	2.10616	8231.76	1.98494	8232.04	2.2041
1512554112734	13.97	8232.78	2.22361	8232.4	2.06155	8232.23	2.31495	8232.36	2.25241	8232.61	2.28201
1512554113780	13.96	8232.67	2.29129	8231.8	2.19848	8232	2.51661	8232	2.41523	8231.7	2.16045
1512554114888	13.96	8232.67	1.5	8232.44	1.78139	8232.54	1.6641	8232.52	1.93907	8232.13	2.0663
1512554115990	13.96	8231.89	1.76383	8232.68	1.86458	8232.08	1.97744	8232.48	1.98158	8233.04	2.24498
1512554117098	13.96	8233.11	1.61589	8232.68	1.6	8232.54	1.94145	8232.52	1.80555	8232.41	2.01665
1512554118124	13.97	8232.56	1.5899	8232.4	2.16025	8232.31	2.56205	8232.36	2.23383	8231.72	2.11996
1512554119151	13.96	8233.78	1.64148	8233.4	1.84842	8233.31	2.21302	8233.16	2.2487	8232.92	1.97468
1512554120244	13.96	8235.11	2.26078	8234.48	1.98158	8234.54	2.40192	8234.2	2.43242	8233.1	2.36855
1512554121367	13.95	8234.33	1.65831	8234.2	1.93649	8234.23	1.83275	8234.12	2.3331	8233.76	2.42766
1512554122395	13.97	8235.33	2.54951	8234.52	2.06398	8234.69	2.68901	8234.32	2.24944	8233.73	2.39138
1512554123445	13.97	8234.11	2.14735	8233.32	1.8868	8233.69	2.32324	8233.36	1.97653	8232.98	2.22082
1512554124472	13.96	8232	2.29129	8231.52	2.14321	8231.77	2.38586	8231.44	2.41661	8231.77	2.62253
1512554125496	13.96	8233.56	2.24227	8233.04	1.88149	8233.46	2.18386	8233	2.06155	8232.59	2.28085
1512554126542	13.97	8233.89	1.61589	8233.36	1.68028	8233.69	1.60128	8233.4	2.17945	8232.84	2.25002
1512554127546	13.96	8233.78	1.30171	8232.92	1.86905	8233.31	1.75046	8232.92	2.19697	8232.35	2.37395
1512554128623	13.96	8231.44	2.45515	8231.28	2.90861	8230.85	2.99572	8230.88	3.14006	8230.98	2.3913
1512554129686	13.97	8232.33	1.73205	8232.08	2.05994	8231.85	2.1543	8231.8	2.08167	8231.62	2.28832
1512554130776	13.97	8233.33	2.64575	8232.64	2.56385	8232.85	2.67227	8232.4	2.75379	8231.95	2.34241
1512554131869	13.96	8234.44	2.83333	8233.68	2.47857	8234	2.82843	8233.56	2.70924	8232.49	2.26182
1512554132894	13.96	8234.11	2.26078	8233.36	2.23383	8233.62	2.50128	8233.48	2.38258	8232.8	2.28505
1512554133929	13.97	8232.56	2.45515	8231.92	2.11975	8232.15	2.37508	8232.04	2.20756	8231.73	2.23606
1512554134985	13.97	8233.33	2.06155	8232.24	1.89912	8233	2.08167	8232.48	1.8735	8232.33	2.00577
1512554136018	13.98	8233.11	2.42097	8232.88	2.14709	8232.85	2.54448	8232.68	2.32236	8232.43	2.05815
1512554137095	13.98	8232.22	1.98606	8232.24	2.00582	8232	2.04124	8232.08	2.25315	8231.51	1.9395
1512554138120	13.98	8232	1.87083	8230.92	1.95619	8231.08	2.21591	8231.12	2.06801	8230.6	1.91795
1512554139146	13.97	8230.44	1.74005	8229.84	2.01412	8229.85	1.90815	8230	2.25462	8229.6	2.10465
1512554140187	13.98	8230.78	2.16667	8230.36	2.25241	8230.38	1.98068	8230.36	2.44745	8230.37	2.39235
1512554141213	13.97	8232.44	2.06828	8231.44	2.39931	8231.38	2.69377	8231.32	2.42762	8230.46	2.17701
1512554142268	13.97	8231	1.93649	8230.6	1.89297	8230.31	2.21302	8230.48	1.89561	8230.44	2.37548
1512554143369	13.97	8232.78	1.71594	8231.76	2.10713	8232	2.12132	8231.68	2.17409	8231.37	2.33535
1512554144388	13.98	8232.22	1.98606	8231.52	2.06398	8231.92	1.89128	8231.68	1.74929	8231.66	2.04775
1512554145476	13.97	8234.33	1.65831	8233.84	1.772	8233.92	1.65638	8233.64	2.05913	8233.28	2.34398
1512554146610	13.97	8233.11	1.90029	8232.6	1.65831	8232.62	1.85016	8232.36	1.9975	8232.35	2.24042
1512554147709	13.97	8232.44	2.06828	8232.04	1.67033	8232	1.95789	8231.68	2.07605	8231.55	2.07374
1512554148815	13.97	8231.89	1.90029	8232.32	1.79629	8232.23	1.96443	8232.12	1.9218	8231.64	1.97949
1512554149874	13.98	8232.89	2.08833	8232.64	2.11896	8232.77	2.31495	8232.52	2.36502	8231.43	2.2791
1512554150900	13.97	8231.67	1.80278	8232.16	2.19241	8231.62	2.14237	8231.96	2.541	8231.92	2.24615
1512554151910	13.97	8232.67	2.17945	8232.92	2.51529	8232.46	2.66506	8232.56	2.8	8232.21	2.43211
1512554152952	13.96	8232.33	2	8232.6	2.39792	8232.54	2.69615	8232.36	2.58005	8231.55	2.05862
1512554153961	13.97	8232.89	1.83333	8233.4	2.75379	8232.77	2.68185	8233.04	2.73069	8233	2.29356
1512554155011	13.96	8232.89	2.26078	8232.44	2.41661	8232.38	2.75495	8232.4	2.5	8232.44	2.38219
1512554156095	13.97	8232.56	2.06828	8232.36	2.44745	8231.85	2.40992	8232.24	2.68142	8232.62	2.75343
1512554157178	13.97	8232.22	2.04803	8231.76	2.24128	8231.46	2.60177	8231.64	2.32522	8231.6	2.00842
1512554158203	13.97	8231	2.17945	8230.88	2.2971	8230.54	2.40192	8230.68	2.26789	8231.2	2.33755
1512554159228	13.97	8231.22	1.92209	8231.2	2.39792	8230.77	2.55453	8231	2.69258	8230.97	2.3361
1512554160279	13.98	8230.22	1.64148	8230.68	2.17409	8229.92	1.801	8230.44	2.23756	8230.44	2.58546
1512554161359	13.97	8230.56	2.18581	8230.48	2.0025	8230.23	2.20431	8230.2	2.23607	8230.34	2.48863
1512554162460	13.98	8230.11	2.57121	8230.12	2.48864	8229.62	2.90225	8229.56	2.66271	8230.19	2.46634
1512554163480	13.97	8233.33	1.73205	8232.84	2.33952	8232.69	2.05688	8232.48	2.64764	8231.32	2.3449
1512554164618	13.97	8232.67	1.87083	8232.52	2.0232	8232.38	1.7097	8232.56	1.93821	8232.4	2.14607
1512554165715	13.99	8232	1.93649	8230.92	1.73013	8231.38	1.89466	8230.96	1.7195	8230.36	2.13431
1512554166806	13.97	8229.89	1.83333	8229.52	1.82848	8229.38	2.29269	8229.76	1.94251	8229.09	2.14126
1512554167881	13.99	8232.56	1.5899	8231.96	2.71539	8232.15	2.47811	8231.96	2.6217	8230.98	2.46534
1512554168906	13.98	8230.33	1.22474	8230.64	2.09921	8230.38	1.85016	8230.44	2.10317	8229.91	2.30976
1512554169966	13.98	8230.78	2.3863	8229.84	2.37487	8230.08	2.53185	8229.88	2.38607	8229.15	2.30933
1512554170969	13.98	8230.44	1.5899	8229.76	2.12681	8230	2.04124	8230	2.25462	8229.12	2.37638
1512554172013	13.98	8231.44	2.12786	8230.4	2.12132	8230.92	2.17798	8230.64	1.97653	8230.05	2.18837
1512554173123	13.97	8230.11	1.96497	8230.4	2.25462	8230.15	2.0755	8230.48	2.10396	8230.73	2.36119
1512554174199	13.98	8230.11	1.83333	8230.52	2.14321	8230.08	1.97744	8230.36	2.01825	8230.46	2.32285
1512554175272	13.97	8229.56	1.74005	8230	2.12132	8229.69	2.13638	8229.96	2.16949	8230.77	2.30259
1512554176298	13.98	8227.78	1.71594	8228.08	1.86905	8227.69	2.09701	8227.92	1.95619	8228.69	2.38153
1512554177333	13.97	8230.67	1.22474	8229.72	1.56844	8230	1.68325	8229.8	1.73205	8229.92	2.59991
1512554178411	13.97	8231.44	1.87824	8231	1.97906	8231.08	1.801	8230.88	2.06801	8229.99	2.37607
1512554179420	13.97	8229.89	1.76383	8229.8	2.21736	8229.77	1.69085	8229.68	2.26789	8229.32	2.31625
1512554180446	13.97	8230.78	2.04803	8230.56	2.51794	8230.38	2.32875	8230.4	2.44949	8229.72	2.2469
1512554181452	13.97	8230.11	2.14735	8229.64	2.498	8229.38	2.63117	8229.4	2.53311	8229.05	2.29297
1512554182466	13.98	8231.22	1.39443	8230.4	2.17945	8230.54	2.14536	8230.32	2.24944	8230.34	2.50565
1512554183477	13.98	8230.89	1.61589	8230.24	1.83212	8230.38	1.85016	8230.2	2.12132	8229.77	2.29186
1512554184503	13.97	8230.44	1.94365	8230.48	2.25684	8230.38	2.18092	8230.44	2.59936	8229.83	2.35999
1512554185595	13.98	8230.33	1.93649	8230.24	2.29637	8230.08	2.2532	8230.44	2.46779	8229.9	2.21727
1512554186668	13.98	8230.44	1.81046	8230.28	2.05183	8230.15	2.19265	8230.24	2.22261	8229.42	2.29715
1512554187707	13.98	8229.89	1.90029	8230.16	2.26716	8229.62	2.14237	8229.6	2.3094	8228.98	2.17696
1512554188719	13.98	8229.22	1.64148	8229.64	2.41316	8229.15	1.99358	8229.32	2.51197	8229.2	2.45068
1512554189774	13.99	8230	1.80278	8229.56	1.98074	8229.62	1.80455	8229.56	2.14243	8229.36	2.07456
1512554190817	13.99	8228.22	1.7873	8228.32	2.07605	8228	2	8228.24	2.16564	8228.14	2.19519
1512554191842	13.98	8229.33	1.65831	8229.08	2.05994	8229	2.08167	8229.04	2.09125	8228.75	2.10909
1512554192953	13.99	8229.22	2.10819	8228.52	2.34734	8228.54	2.56955	8228.6	2.48328	8228.17	2.11561
1512554193973	13.99	8228.56	1.66667	8228.44	2.02237	8228.23	1.96443	8228.32	2.01494	8228.41	2.31015
1512554195013	13.98	8230.33	1.73205	8230.4	2.19848	8230.38	1.85016	8230.2	2.34521	8229.61	2.14339
1512554196029	13.98	8228.67	1.73205	8229.2	2.17945	8228.92	1.97744	8229.12	2.42074	8228.98	2.09781
1512554197041	13.98	8228.44	2.12786	8228.4	2.27303	8228.46	2.10616	8228.08	2.44813	8227.96	2.14047
1512554198065	13.98	8228.22	1.85592	8227.84	1.99332	8227.92	2.10006	8227.6	1.97906	8227.67	2.11201
1512554199116	13.99	8228.78	2.22361	8228.76	2.0672	8228.46	2.3315	8228.48	2.16256	8228.41	2.25308
1512554200163	13.98	8230.89	1.96497	8229.88	2.04776	8230.38	1.85016	8229.92	2.1587	8229.18	2.15379
1512554201189	13.98	8231.33	2.34521	8230.96	2.37136	8230.77	2.61896	8230.88	2.53837	8229.62	2.41241
1512554202214	13.99	8229.67	2	8229.16	2.01412	8229	2.3094	8229	2.06155	8228.86	2.05551
1512554203260	13.98	8231.89	1.83333	8231.72	1.88237	8231.54	1.76141	8231.44	2.18098	8230.28	2.25103
1512554204284	13.97	8230.56	1.13039	8230.12	1.69115	8230	1.47196	8230.16	1.57268	8229.41	2.05502
1512554205358	13.99	8230	1.5	8230.04	1.98914	8229.62	1.55662	8229.96	1.94679	8229.9	2.07154
1512554206440	13.98	8229.89	1.61589	8229.52	2.06398	8229.31	2.01596	8229.6	2.04124	8229.38	2.13769
1512554207450	13.98	8229.89	1.61589	8229.52	2.06398	8229.31	2.01596	8229.6	2.04124	8229.38	2.13769
1512554208467	13.98	8228.78	1.7873	8229.48	2.18174	8228.62	2.02231	8229.08	2.39653	8230.04	2.63754
1512554209477	14	8230.44	2.06828	8230.36	2.23383	8229.92	2.2532	8230.24	2.38537	8230.32	2.08132
1512554210513	13.98	8230.33	1.32288	8230	1.93649	8229.69	1.97419	8229.8	2	8229.77	1.99806
1512554211528	13.99	8230.56	2.29734	8230.32	2.09603	8230.08	2.17798	8230.24	2.08726	8230.03	2.11617
1512554212633	13.99	8230.44	1.01379	8230.36	1.38082	8230.23	1.01274	8230.32	1.31403	8229.55	2.00478
1512554213666	13.99	8229.44	1.23603	8229.8	2.10159	8229.54	1.1266	8229.56	2.00167	8229.01	2.21027
1512554214763	13.98	8230	2.12132	8230.08	2.1587	8229.77	1.83275	8230.04	2.09125	8229.29	2.31138
1512554215776	13.98	8231.33	2.34521	8230.4	2.12132	8230.62	2.46774	8230.28	2.45832	8229.22	2.47426
1512554216800	13.98	8229.67	1.73205	8229.8	2.39792	8229.15	2.26738	8229.44	2.39931	8229.07	2.63404
1512554217894	13.99	8229.67	2.29129	8230.28	2.37206	8229.23	2.45472	8229.88	2.38607	8230.16	2.62732
1512554218936	13.99	8228.33	2.17945	8228.8	2.17945	8228.15	2.26738	8228.52	2.27523	8228.46	2.3071
1512554220010	13.99	8227.89	2.47207	8227.92	2.44813	8227.23	2.80339	8228.12	2.89137	8228.02	2.79784
1512554221085	13.99	8228.44	1.94365	8228	2.02073	8227.62	2.63117	8228	2.36291	8228.2	2.46551
1512554222127	13.99	8230.89	2.08833	8230.72	2.0108	8230.54	2.06621	8230.76	2.00582	8230.11	2.37554
1512554223153	13.99	8229.89	1.90029	8229.72	2.05183	8229.46	2.06621	8229.6	2.16025	8229.33	2.1414
1512554224197	14	8230.56	2.35112	8230	1.87083	8230.08	2.326	8229.88	1.98578	8229.6	2.28478
1512554225233	13.99	8229.44	1.74005	8229.56	2.10317	8229.23	2.12736	8229.2	2.46644	8229.02	2.36502
1512554226279	13.99	8230	2.12132	8229.6	2.32737	8229.62	2.02231	8229.56	2.63122	8229.87	2.86116
1512554227299	13.99	8229.89	1.76383	8229.76	2.29637	8229.69	1.97419	8229.56	2.48462	8229.23	2.69835
1512554228328	13.99	8230.89	2.08833	8229.76	2.27816	8230.31	2.05688	8229.88	2.57099	8228.81	2.57584
1512554229338	13.99	8230.33	1.93649	8230	2.51661	8230.15	2.23033	8229.92	2.5482	8229.83	2.62337
1512554230357	13.98	8232	1.32288	8231.36	1.823	8231.54	1.76141	8231.28	1.96893	8230.8	2.59719
1512554231367	13.98	8230.11	1.36423	8230.36	1.70489	8230.08	1.5525	8230.12	1.87794	8229.79	2.37203
1512554232413	13.98	8231.56	1.33333	8231.68	1.86458	8231	1.47196	8231.24	2.00582	8230.99	2.29015
1512554233523	13.98	8230.11	1.05409	8229.88	1.53623	8229.69	1.37747	8229.6	1.82574	8229.44	2.10832
1512554234549	13.98	8231.11	2.02759	8231.16	1.88591	8230.92	1.89128	8231.12	1.94336	8230.65	2.38675
1512554235575	13.99	8231.33	2	8230.88	2.04776	8231.23	1.7867	8230.96	2.18861	8230.8	2.54452
1512554236584	13.98	8229.22	1.20185	8229.12	1.58955	8229.15	1.21423	8229.2	1.75594	8229.2	1.94336
1512554237626	14	8229	1.41421	8229	2.10159	8229	1.63299	8228.88	2.10792	8228.97	2.13218
1512554238651	13.99	8229.44	1.33333	8229.08	2.1	8229.31	1.4367	8229.32	1.97315	8228.95	2.13671
1512554239724	13.99	8230.22	1.85592	8230.32	1.95192	8230.08	2.17798	8230.08	2.05994	8230.42	2.24207
1512554240816	13.99	8229.33	1.65831	8229.44	1.82757	8229.31	1.75046	8229.24	2.10713	8229.32	2.15266
1512554241941	14	8229.11	2.08833	8229.48	1.80555	8229	1.91485	8229.16	2.2301	8229.38	2.26084
1512554242978	13.99	8230.11	2.02759	8229.76	1.61452	8229.85	1.86396	8229.6	1.84842	8229.16	1.99653
1512554243992	13.99	8229.78	2.04803	8229.96	2.05102	8229.62	1.85016	8229.84	2.09523	8229.77	2.2592
1512554245017	13.99	8230.22	1.48137	8230.08	1.63095	8230	1.41421	8229.76	1.87705	8230.22	2.46735
1512554246059	13.99	8228.89	1.83333	8229.24	1.73877	8228.92	1.60528	8228.92	1.80093	8229.15	2.32137
1512554247085	13.99	8229.67	1.93649	8229.24	2.10713	8229.08	2.01914	8229.08	2.1587	8228.87	2.09227
1512554248099	13.99	8228.78	1.56347	8228.16	2.09523	8228.15	1.99358	8228.04	2.22636	8228	2.24072
1512554249186	13.99	8228.33	1.5	8228.76	2.00582	8228.15	1.46322	8228.48	2.61598	8229.22	2.64856
1512554250276	13.99	8230.78	1.71594	8229.76	1.96384	8229.92	2.06	8229.72	2.13151	8228.82	2.30716
1512554251347	13.99	8231.33	1.32288	8230.04	2.33595	8230.69	2.09701	8230.28	2.31876	8228.81	2.44234
1512554252433	14	8229.89	1.90029	8229.12	2.06801	8229.46	1.94145	8229.08	2.25315	8228.67	2.35493
1512554253468	14	8229.44	1.66667	8229	2	8229.08	1.84669	8229.08	2.25315	8228.6	2.15092
1512554254608	13.99	8229.67	2.29129	8229.04	1.98914	8228.92	2.326	8229.04	2.3	8228.97	2.09391
1512554255642	14	8230.44	1.87824	8230.2	1.75594	8230	1.82574	8230.04	1.56738	8229.87	2.20144
1512554256862	13.99	8230.78	2.22361	8230.44	2.04287	8230.38	2.14237	8230.32	2.34023	8230.32	2.64154
1512554257912	13.99	8231.22	1.85592	8230.6	2.10159	8230.77	1.73944	8230.56	2.29274	8229.89	2.21911
1512554258983	13.98	8230.67	1.80278	8230.32	2.41039	8230.46	1.76141	8230.36	2.53114	8230.08	2.4873
1512554260130	13.98	8230.44	2.12786	8230.52	2.95973	8230.31	2.05688	8230.48	2.87402	8230.27	2.76553
1512554261215	13.98	8233	1.73205	8232.24	2.24128	8232.38	2.02231	8232.28	2.22711	8232.27	2.37878
1512554262338	13.98	8232.33	1.87083	8232.28	2.44131	8232	2.08167	8232.16	2.33952	8231.8	2.29868
1512554263381	13.97	8234.44	2.00693	8234.32	1.99416	8234.23	2.0064	8234.04	2.3	8233.72	2.39671
1512554264418	13.97	8235.67	2.29129	8234.96	2.79106	8234.92	2.56455	8234.8	2.94392	8234.07	2.69077
1512554265423	13.97	8233.44	1.66667	8233.24	1.92094	8233.23	1.7867	8233.2	1.97906	8232.97	2.32716
1512554266442	13.97	8232.33	1.87083	8232.6	1.97906	8232.46	1.71345	8232.56	2.04287	8232.51	2.54771
1512554267468	13.98	8232.22	1.71594	8232.32	2.01494	8232.15	1.86396	8232.16	2.2487	8232.13	2.42358
1512554268510	13.98	8232	1.65831	8232	1.89297	8232.08	1.93484	8232.04	1.98914	8232.15	2.24529
1512554269536	13.97	8231.78	1.48137	8231.52	1.5843	8231.46	1.39137	8231.48	1.80555	8231.23	1.99474
1512554270570	13.97	8233.22	1.7873	8232	2.25462	8231.85	2.79422	8231.8	2.61406	8231.59	2.13946
1512554271598	13.96	8233.11	1.83333	8232.56	1.82757	8232.54	2.06621	8232.56	2.00167	8232.51	1.95818
1512554272660	13.97	8233.78	1.98606	8233.04	1.7673	8233.38	1.98068	8232.88	1.83303	8232.81	2.09822
1512554273671	13.97	8232.78	1.71594	8232.16	2.07525	8232.69	1.70219	8232.04	2.05102	8231.84	2.21893
1512554274698	13.97	8231.89	1.61589	8231.68	2.17409	8231.54	1.89804	8231.44	2.12289	8231.29	2.49974
1512554275736	13.97	8231.44	1.94365	8231.52	2.67893	8231.38	2.06311	8231.56	2.5671	8231.7	2.38284
1512554276761	13.97	8233	2.34521	8232.6	2.27303	8232.69	2.25036	8232.48	2.25684	8232.26	2.45748
1512554277866	13.98	8231.78	2.10819	8231.64	1.89033	8231.62	2.06311	8231.48	2.08407	8231.07	2.18301
1512554279031	13.97	8231.44	1.74005	8231.4	2.06155	8231.54	2.10616	8231.28	2.24574	8230.65	2.24274
1512554280134	13.98	8233.33	1.80278	8233.04	2.28181	8232.62	2.32875	8232.88	2.35089	8232.84	2.57728
1512554281160	13.98	8231.67	1.80278	8231.8	2.04124	8231.31	1.79743	8231.88	2.1276	8232.18	2.43098
1512554282187	13.97	8232	1.80278	8231.76	1.80924	8231.92	1.49786	8231.96	1.81384	8231.55	2.35383
1512554283260	13.97	8233.11	1.36423	8232.96	1.61967	8233	1.29099	8232.84	1.86369	8232.35	2.2978
1512554284274	13.96	8232.78	0.833333	8233	1.52753	8232.77	0.83205	8232.84	1.7	8232.64	2.22978
1512554285377	13.97	8232.89	2.57121	8233.2	1.87083	8232.77	2.20431	8232.96	1.98914	8233.26	2.36679
1512554286398	13.97	8232.22	1.92209	8232.36	1.65529	8232	1.73205	8232.2	1.93649	8231.93	2.5394
1512554287428	13.97	8233.56	1.424	8233.24	1.71464	8233.46	1.39137	8233.16	1.90788	8232.47	2.12136
1512554288498	13.97	8233.56	1.81046	8233.04	1.83666	8233.77	1.58923	8233.2	1.91485	8232.52	2.19159
1512554289593	13.98	8235.11	3.4801	8234.32	2.5285	8234.62	3.0697	8234.24	2.52124	8234.45	2.35162
1512554290619	13.97	8234.56	2.12786	8234.04	2.00998	8234.46	1.94145	8234.08	1.97737	8233.85	2.3935
1512554291645	13.97	8233.44	2.00693	8233.64	2.25241	8233.77	1.96443	8233.8	2	8233.53	2.16758
1512554292670	13.97	8235.22	2.04803	8234.4	1.82574	8234.77	2.04751	8234.52	1.78232	8233.83	2.095
1512554293709	13.97	8235	1.87083	8234.56	1.78139	8234.62	1.98068	8234.6	1.77951	8233.78	2.06264
1512554294771	13.97	8234.44	1.33333	8234.4	1.41421	8234.54	1.19829	8234.52	1.47535	8233.82	1.99741
1512554295857	13.96	8237.78	2.33333	8237.16	1.79536	8237.54	1.98391	8237.2	2.02073	8235.63	2.36416
1512554296871	13.96	8235	1.65831	8235.12	1.69115	8235.08	1.70595	8235.12	2.22336	8235.07	2.24882
1512554297913	13.96	8234.33	1.5	8233.72	1.74452	8234.08	1.44115	8234.04	1.67033	8234.37	2.40754
1512554298938	13.97	8234	1.80278	8233.8	1.84842	8233.62	1.98068	8233.76	2.00582	8233.92	2.13682
1512554299975	13.95	8232.89	1.36423	8233.44	2.12289	8232.92	2.13937	8233.16	2.19241	8233.06	1.88521
1512554301039	13.96	8234.67	1.65831	8234.88	2.18556	8234.62	2.02231	8234.52	2.2383	8233.86	2.14479
1512554302045	13.96	8235.78	1.48137	8235.2	2	8235.23	1.92154	8235.08	1.95619	8234.85	2.10893
1512554303072	13.96	8235.67	2	8235.28	1.79165	8235.46	1.94145	8235.24	1.78606	8234.69	1.92159
1512554304181	13.97	8235.11	2.36878	8234.92	2.05994	8234.92	2.4311	8234.6	2.02073	8233.69	1.94851
1512554305255	13.96	8235.44	1.424	8234.72	2.24574	8234.85	1.90815	8234.56	2.31084	8234.06	2.26988
1512554306280	13.96	8234.56	1.50923	8234.64	2.36079	8234.23	1.7867	8234.48	2.25684	8234.1	2.24436
1512554307308	13.96	8234.11	2.20479	8233.8	1.89297	8233.77	2.0064	8233.84	1.92959	8233.55	2.02289
1512554308397	13.96	8233	2.23607	8232.8	2	8232.85	2.19265	8232.96	2.35372	8232.95	2.17296
1512554309465	13.96	8235.33	2.78388	8234.08	2.23458	8234.54	2.69615	8234.08	2.39653	8233.41	2.57071
1512554310562	13.98	8233	2.5	8232.72	1.98997	8232.62	2.14237	8232.72	2.15097	8232.59	2.07999
1512554311584	13.98	8232.78	1.7873	8232.64	1.70489	8232.46	1.71345	8232.44	1.85023	8232.09	1.92343
1512554312614	13.97	8231.56	1.5899	8231.56	1.98074	8231.31	1.75046	8231.56	2.06317	8231.08	2.11127
1512554313685	13.97	8232.56	1.5899	8232.28	2.0108	8232.38	2.06311	8232.52	2.04369	8232.1	2.09405
1512554314706	13.97	8233.89	2.47207	8233.12	2.18556	8233.38	2.50128	8233.28	2.31876	8232.94	2.28361
1512554315789	13.98	8233.22	1.92209	8232.72	1.96893	8232.62	1.98068	8232.96	2.26348	8232.1	2.21727
1512554316875	13.98	8230.78	1.39443	8230.4	1.95789	8230.38	1.75777	8230.52	2.31157	8230.85	2.36141
1512554317903	13.97	8230.44	1.424	8230.44	1.70978	8230	2	8230.4	2.02073	8231.09	2.39826
1512554318995	13.97	8231.89	1.90029	8231.28	1.86011	8231.46	1.94145	8231.28	2.05183	8231.11	2.20878
1512554320021	13.96	8231.22	1.7873	8231.44	2.39931	8231	1.95789	8231.64	2.61215	8231.62	2.29514
1512554321047	13.97	8232.67	2.39792	8232.8	2.51661	8232.38	2.78503	8232.68	2.95409	8232.63	2.4355
1512554322119	13.97	8232.33	1.5	8232.4	2.16025	8231.92	2.10006	8232.36	2.2151	8232.14	2.16894
1512554323145	13.96	8233.78	2.10819	8233.16	1.88591	8233.23	2.12736	8233.12	2.06801	8232.77	2.2759
1512554324222	13.96	8233.67	1.87083	8233.4	2.14087	8233.31	2.46254	8233.36	2.37837	8233.49	2.42407
1512554325274	13.96	8232.33	1.93649	8233.04	1.98914	8232.46	1.94145	8232.88	2.10792	8233.2	2.26973
1512554326400	13.96	8232.56	1.87824	8232.28	1.88237	8232.38	1.85016	8232.36	2.25241	8232.59	2.50296
1512554327459	13.96	8232.67	1.58114	8233.12	2.08806	8232.46	1.61325	8233	2.17945	8233.12	2.59508
1512554328568	13.96	8232.56	1.66667	8233.08	1.84662	8232.46	1.98391	8233.08	1.95619	8233.41	2.04972
1512554329602	13.96	8232.89	1.76383	8233	1.84842	8232.62	1.93815	8233.12	2.35089	8233.23	2.05714
1512554330628	13.97	8233.11	1.61589	8233.08	2.11975	8233	1.73205	8233	2.27303	8232.38	2.13066
1512554331654	13.96	8232.56	1.74005	8232.72	2.26421	8232.54	1.94145	8232.64	2.2891	8232.6	2.25055
1512554332666	13.96	8231.56	2.29734	8231.56	1.91659	8231.54	2.06621	8231.72	2.09205	8231.9	2.24899
1512554333797	13.96	8233.89	2.31541	8233.12	2.50533	8233.38	2.18092	8233.44	2.55082	8232.96	2.32252
1512554334817	13.97	8232.11	1.45297	8232.16	2.01412	8231.85	1.77229	8232.24	2.04695	8232.26	2.30661
1512554335873	13.96	8231.44	2.06828	8231	2.02073	8230.85	2.11527	8230.96	1.96808	8231.18	2.379
1512554336990	13.97	8231.56	2.00693	8231.6	2.10159	8231.08	2.17798	8231.36	2.11896	8231.21	2.3344
1512554338011	13.96	8231.11	1.69148	8231.28	1.96893	8231.15	1.72463	8231.6	2.3094	8231.96	2.34382
1512554339180	13.97	8233.56	1.74005	8233.84	1.79536	8233.46	1.6641	8233.48	2.04369	8233.55	2.34485
1512554340291	13.97	8232.22	1.98606	8231.96	1.6452	8232.08	1.70595	8232	1.80278	8231.68	2.09876
1512554341337	13.96	8233.67	1.87083	8233.32	1.86458	8233.15	1.99358	8233.2	2	8232.56	2.02274
1512554342357	13.95	8233.56	2.18581	8233.24	1.85472	8233.15	2.26738	8233.04	1.98914	8233.02	2.31606
1512554343367	13.95	8232.67	2	8232.2	2.17945	8232.08	2.2532	8232.16	2.28546	8232.22	2.13529
1512554344417	13.96	8232.22	2.3863	8231.96	2.20756	8231.77	2.48843	8231.92	2.27156	8232.04	2.29894
1512554345419	13.97	8231.56	1.87824	8231.36	2.03879	8231	2.23607	8231.2	2.10159	8230.99	2.02328
1512554346445	13.97	8230.11	1.69148	8229.56	2.10317	8229.69	2.17503	8229.64	2.09921	8229.35	2.07921
1512554347497	13.97	8229.11	2.75882	8229.32	2.35797	8229	2.67706	8229.28	2.44131	8229.2	2.21162
1512554348517	13.96	8228.67	2.34521	8229.32	2.35797	8228.85	2.33973	8229.24	2.29637	8229.55	2.09138
1512554349536	13.96	8231.67	1.58114	8231.24	2.02649	8231	2.04124	8231	1.97906	8231.07	2.24187
1512554350563	13.97	8231.67	1.58114	8231.36	2.05913	8230.92	1.93484	8231.48	2.04369	8231.28	2.03015
1512554351588	13.96	8232.44	1.50923	8232.32	1.6	8232	1.68325	8232.2	2	8231.46	1.77347
1512554352629	13.97	8231.22	1.64148	8231.48	1.8735	8231	1.91485	8231.2	2	8230.87	1.88713
1512554353689	13.96	8231.11	1.69148	8231.36	2.09921	8230.92	2.06	8231.04	2.28181	8230.67	2.01871
1512554354764	13.96	8232.56	2.29734	8232.44	1.80462	8232.23	2.04751	8232.44	1.82757	8231.74	2.03808
1512554355791	13.96	8231.22	1.92209	8231.52	2.16256	8231.08	2.17798	8231.32	2.26789	8231.49	2.21293
1512554356831	13.96	8232.89	2.02759	8232.96	2.11108	8232.85	2.0755	8232.48	2.34734	8232.22	2.22371
1512554357857	13.96	8232.89	2.26078	8233.48	2.48529	8232.77	2.20431	8233.08	2.44813	8232.79	2.16231
1512554358883	13.97	8232.22	2.81859	8232.52	2.70986	8231.92	2.78273	8232.28	2.85073	8231.49	2.10928
1512554359893	13.97	8233.33	2.54951	8233.6	2.25462	8233.23	2.45472	8233.56	2.43379	8232.68	2.32706
1512554360933	13.98	8231.89	1.96497	8231.96	1.96808	8231.69	1.88788	8231.88	2.22336	8231.32	1.98657
1512554361971	13.98	8231.44	2.78887	8231.68	2.73435	8231.23	2.83296	8231.56	2.8	8231.31	2.17867
1512554363083	13.97	8231.89	3.10018	8232.2	2.81366	8231.38	3.17644	8231.92	2.81247	8231.68	2.10417
1512554364110	13.96	8233.56	2.55495	8233.44	2.08327	8232.92	2.59684	8233.24	2.27816	8233.19	2.14805
1512554365148	13.97	8233.33	2.23607	8233.28	2.13151	8232.69	2.56205	8233.08	2.46509	8232.72	2.02445
1512554366160	13.97	8232.22	2.68225	8232.76	2.25979	8232.23	2.65059	8232.64	2.69072	8232.59	2.37244
1512554367317	13.96	8232.22	1.85592	8232.04	1.88149	8231.77	1.92154	8232.04	2.20756	8231.22	2.02698
1512554368371	13.97	8231.67	1.65831	8231.76	1.92094	8231.46	2.02548	8231.6	2.14087	8230.81	2.05559
1512554369399	13.96	8230.89	2.26078	8231.44	2.2561	8230.77	2.61896	8231.08	2.49867	8231.17	2.57528
1512554370440	13.97	8230.67	1.65831	8231.24	2.00582	8230.46	1.76141	8231.08	2.17792	8230.86	2.52614
1512554371516	13.97	8232.78	1.7873	8232.36	1.7767	8232.31	1.79743	8232.36	1.93391	8231.22	2.30134
1512554372593	13.97	8232.33	1.80278	8231.56	2.18098	8231.69	2.25036	8231.72	2.20832	8231.46	2.41518
1512554373628	13.99	8231	1.73205	8230.48	2.12368	8230.54	1.85362	8230.68	2.21209	8230.39	2.41315
1512554374655	13.97	8231.22	2.27913	8231.24	2.36784	8230.62	2.25605	8231.12	2.6032	8231.2	2.80487
1512554375679	13.97	8232.33	2.06155	8232.08	1.68127	8232	1.82574	8232.24	1.89912	8231.82	2.35037
1512554376775	13.97	8232.56	1.424	8231.76	1.83212	8232.15	1.3445	8231.88	1.98578	8231.01	2.25577
1512554377847	13.97	8232.89	1.69148	8232.52	1.82848	8232.31	1.70219	8232.48	1.98158	8231.96	2.05861
1512554378940	13.96	8234.67	2.73861	8234.28	2.47521	8234.15	2.6409	8234.16	2.68763	8232.63	2.43122
1512554379963	13.96	8235.11	1.76383	8234.96	2.15019	8234.69	1.88788	8234.72	2.49199	8233.61	2.31149
1512554381036	13.96	8233.67	2.23607	8233.52	2.29347	8233.23	2.35067	8233.56	2.41661	8233.56	2.15474
1512554382131	13.97	8233.78	1.85592	8233.96	2.18861	8233.54	1.98391	8233.8	2.25462	8233.69	2.26999
1512554383157	13.96	8233.56	2.50555	8233.4	2.3094	8232.85	2.54448	8233.12	2.4379	8233.53	2.25466
1512554384182	13.96	8234	2.5	8233.44	2.29274	8233.38	2.56705	8233.52	2.70986	8232.98	2.61103
1512554385218	13.97	8234	1.41421	8233.6	1.65831	8233.38	1.75777	8233.64	1.8	8233.42	2.12274
1512554386234	13.96	8233.22	1.30171	8232.84	1.92959	8232.69	1.6525	8233	2.10159	8233.52	2.38501
1512554387313	13.96	8235.33	1.80278	8234.4	2.23607	8234.38	2.32875	8234.56	2.32881	8233.94	1.98858
1512554388409	13.96	8233.67	2	8233.16	1.51877	8233.15	1.86396	8233.16	1.65025	8232.83	2.19694
1512554389455	13.96	8235.22	1.64148	8235.12	1.64114	8234.92	1.84669	8234.88	1.94336	8234.12	2.38076
1512554390459	13.96	8234	1.65831	8233.56	1.60935	8233.38	1.75777	8233.52	1.82848	8233.24	2.14519
1512554391476	13.97	8232.33	1.87083	8232.44	1.82757	8231.92	1.801	8232.28	2.0108	8232.6	2.21321
1512554392502	13.96	8234.11	1.83333	8233.68	1.90875	8233.46	1.85362	8233.56	2.34663	8233.19	2.30859
1512554393579	13.96	8234.67	1.5	8234.16	1.90788	8234	1.73205	8234.16	1.99332	8233.89	2.18746
1512554394667	13.96	8234.67	1.32288	8233.88	1.85562	8234.08	1.65638	8233.88	1.9218	8233.15	2.00252
1512554395693	13.95	8235.56	1.13039	8235.28	1.54164	8235.38	1.04391	8235.6	1.35401	8235.55	1.99437
1512554396766	13.95	8236	1.58114	8235.48	1.66132	8235.69	1.4367	8235.64	1.49666	8235.25	1.95265
1512554397845	13.96	8235.56	1.74005	8235.32	1.99416	8235	1.87083	8235.2	1.97906	8234.87	2.15755
1512554398869	13.98	8236.11	2.47207	8235.4	2.17945	8235.38	2.46774	8235.48	2.2383	8234.61	2.13094
1512554399895	13.97	8233.33	2	8233.08	2.11975	8232.77	2.04751	8233.12	2.2971	8232.4	1.90433
1512554400981	13.97	8233	1.58114	8233.08	2.08006	8232.85	1.81871	8233.04	2.3	8233.08	1.97357
1512554402120	13.96	8234.67	1.5	8234.16	1.72434	8234.31	1.70219	8234	1.89297	8233.75	2.31847
1512554403333	13.97	8234.67	1.73205	8233.16	2.01412	8233.54	2.3315	8233.36	1.93391	8233.39	2.21719
1512554404353	13.97	8236	1.58114	8235.36	2.05913	8235.23	2.16617	8235.24	2.0672	8234.99	2.1842
1512554405395	13.97	8236.56	2.06828	8235.6	1.75594	8236.08	1.97744	8235.76	1.73877	8234.44	2.12569
1512554406439	13.97	8234.11	1.96497	8233	1.87083	8233.31	2.13638	8233.44	1.73397	8232.76	2.1397
1512554407531	13.97	8233.11	1.69148	8233.08	2.59679	8232.62	2.2188	8233.24	2.69691	8232.48	2.40463
1512554408570	13.97	8234.67	1.41421	8233.6	2.02073	8234	1.82574	8233.6	1.93649	8233.22	2.19543
1512554409596	13.98	8233.89	1.2693	8233	2	8233.31	1.88788	8233.32	2.23084	8232.6	1.99254
1512554410623	13.97	8233.89	1.83333	8233.4	1.70783	8233.46	1.85362	8233.6	1.95789	8232.71	1.8537
1512554411687	13.99	8233.11	1.76383	8232.32	1.57374	8232.46	1.85362	8232.4	1.68325	8232.05	2.03687
1512554412782	13.98	8233.11	1.36423	8232.2	1.55456	8232.38	1.7097	8232.36	2.03879	8232	2.28674
1512554413798	13.97	8233.56	2.06828	8233	2.06155	8232.85	2.19265	8233	2.14087	8232.2	2.06801
1512554414867	13.97	8234.89	1.45297	8232.92	2.03961	8233.77	2.20431	8233.24	2.12681	8233.05	2.02405
1512554415876	13.97	8233.89	1.45297	8233.16	1.46287	8233.15	1.67562	8233.24	1.64012	8233.31	2.16428
1512554416918	13.97	8234.22	1.39443	8233.52	1.91746	8233.46	1.98391	8233.44	1.78139	8233.7	1.98244
1512554418030	13.98	8234.78	1.85592	8234.16	1.72434	8233.92	2.06	8234.04	1.83666	8234.13	2.04094
1512554419064	13.98	8233.89	1.53659	8233.48	1.89561	8233.15	1.95133	8233.4	2.08167	8233.39	2.05151
1512554420089	13.97	8236.11	2.57121	8235	2.36291	8234.85	2.96778	8235	2.38048	8233.83	2.00437
1512554421138	13.98	8235.44	2.18581	8234.36	2.19621	8234.23	2.80339	8234.36	2.32522	8233.96	2.33491
1512554422163	13.98	8233.89	2.02759	8233.08	2.08006	8232.85	2.54448	8233.04	2.24499	8233.05	2.56233
1512554423164	13.98	8233.89	2.02759	8233.08	2.08006	8232.85	2.54448	8233.04	2.24499	8233.05	2.56233
1512554424194	13.98	8235.22	1.71594	8234.24	1.85472	8234.31	2.21302	8234.12	1.98578	8233.75	1.96594
1512554425244	13.99	8233.78	1.30171	8233.8	1.82574	8233.31	1.6525	8233.52	2.0232	8233.25	2.18191
1512554426286	13.98	8232.56	1.94365	8232.32	1.97315	8232	2	8232.2	2.25462	8232.42	2.31279
