Timetstamp	FPA	C9	Sigma	C25	Sigma	D13	Sigma	D25	Sigma	R8	Sigma
1512555084793	18.57	8134.44	1.66667	8134.52	2.18174	8134.23	1.7867	8134.56	2.39931	8134.76	2.46808
1512555085842	18.57	8133	1.41421	8133.24	2.25979	8133.31	1.79743	8133.28	2.31876	8133.84	2.43458
1512555086845	18.56	8132.56	2.35112	8132.72	2.26421	8132.85	2.23033	8132.68	2.35797	8133.58	2.54849
1512555088012	18.57	8133.89	1.76383	8134.8	2.91548	8134.38	2.25605	8134.36	2.72152	8135.3	2.55417
1512555089032	18.56	8134.11	1.45297	8134.28	2.15097	8134.15	1.77229	8134.28	2.28254	8134.84	2.39285
1512555090140	18.57	8134.44	1.50923	8134.56	2.59936	8134.38	1.93815	8134.48	2.7556	8135.28	2.65645
1512555091174	18.57	8133.67	1.80278	8134.28	2.31876	8133.85	2.54448	8134.04	2.66896	8134.63	2.41402
1512555092258	18.57	8133.56	1.74005	8134.28	2.09205	8133.77	2.0064	8134.12	2.00666	8134.29	2.29328
1512555093353	18.57	8134	1.65831	8133.68	2.01494	8133.92	1.44115	8133.72	2.05183	8133.64	2.28287
1512555094379	18.59	8134.78	1.09291	8134.68	1.81934	8134.92	1.25576	8134.6	1.89297	8134.14	2.18806
1512555095514	18.59	8133.56	1.50923	8133.12	1.96469	8133.23	1.58923	8133.12	1.94336	8133.05	2.20154
1512555096528	18.57	8133.78	1.48137	8133.64	1.8	8133.31	1.6525	8133.48	1.80555	8134.12	2.32542
1512555097625	18.57	8134.44	2.29734	8134.24	2.10713	8134.38	2.43374	8134.2	2.32737	8134.99	2.56072
1512555098710	18.57	8135.33	1.5	8134.92	1.68127	8135.15	1.51911	8134.92	2.01908	8135.42	2.45921
1512555099735	18.57	8133.67	2.06155	8133.64	2.01825	8133.69	1.84321	8133.48	1.93907	8134.12	2.44125
1512555100764	18.57	8133.89	2.52212	8133.72	2.24574	8134	2.51661	8133.92	2.3615	8134.36	2.4902
1512555101786	18.57	8135	2.5	8134.4	2.19848	8134.77	2.20431	8134.36	2.30723	8134.34	2.23503
1512555102812	18.59	8135.22	1.98606	8134.6	1.89297	8135	1.77951	8134.56	1.82757	8134.49	2.36757
1512555103838	18.59	8134.33	1.73205	8134.68	2.17409	8134.46	2.10616	8134.56	2.2745	8135.16	2.20796
1512555104863	18.57	8136	2.39792	8135.56	1.91659	8135.69	2.3939	8135.32	2.03552	8134.97	2.22072
1512555105889	18.57	8135.56	2.06828	8135.76	2.29637	8135.46	2.87563	8135.52	2.45153	8135.78	2.3945
1512555106915	18.57	8134.78	2.63523	8135.76	2.74287	8135.23	3.05924	8135.72	2.65393	8135.7	2.29421
1512555107988	18.57	8135.89	1.53659	8136.28	1.96893	8135.92	1.65638	8136.16	1.81842	8135.95	2.12938
1512555109080	18.57	8134.33	1.80278	8134.6	2.10159	8134.46	2.10616	8134.52	2.04369	8134.63	2.21134
1512555110106	18.57	8134.22	1.39443	8133.88	2.26053	8134	1.77951	8133.88	2.27889	8133.57	2.25844
1512555111118	18.57	8134.56	1.5899	8134.36	1.72916	8134.54	1.76141	8134.4	1.77951	8134.67	2.5945
1512555112166	18.57	8135.22	2.04803	8135.28	2.09205	8135.15	2.37508	8135.36	2.11896	8135.8	2.33689
1512555113183	18.59	8134.44	1.87824	8134.8	3.01386	8134.77	2.89119	8134.92	3.20052	8135.39	2.35858
1512555114208	18.57	8133.44	1.33333	8133.44	2.04287	8133.62	1.85016	8133.44	2.16179	8133.99	2.12129
1512555115234	18.59	8134.33	1.73205	8134	2.53311	8134.15	2.30384	8133.84	2.4779	8133.7	2.29648
1512555116309	18.59	8134.67	1.5	8133.88	2.4379	8134.31	2.49615	8133.92	2.3615	8133.5	2.12408
1512555117383	18.59	8134	2.06155	8134.12	2.18556	8134.23	2.24179	8134.16	2.30362	8134.27	2.22959
1512555118409	18.57	8133.56	2.4037	8133.72	2.18937	8133.46	2.63361	8133.8	2.34521	8134.58	2.4486
1512555119461	18.59	8133.78	1.7873	8133.76	2.10713	8133.69	2.25036	8133.8	2	8134.27	2.17226
1512555120587	18.59	8134.22	1.7873	8134.24	1.71464	8134.46	1.85362	8134.2	1.65831	8134.45	1.9735
1512555121626	18.59	8135.33	2	8135.36	1.9975	8135.31	2.09701	8135.16	1.88591	8135.61	2.12876
1512555122672	18.6	8135.78	2.04803	8134.96	2.22636	8135.15	2.23033	8134.96	2.47454	8134.99	2.32401
1512555123697	18.59	8135.22	1.64148	8134.72	1.67133	8134.77	2.0064	8134.76	1.89912	8134.45	2.15019
1512555124722	18.59	8133.89	2.02759	8134.4	2.21736	8134.15	2.33973	8134.56	2.23756	8134.65	2.17711
1512555125747	18.59	8134.22	1.7873	8134.52	2.18174	8134.23	2.24179	8134.44	2.00167	8134.9	2.2476
1512555126842	18.59	8133.78	1.98606	8133.76	2.40278	8133.62	2.39925	8133.6	2.43242	8134.13	2.19433
1512555127868	18.6	8132.78	2.04803	8132.92	2.5318	8132.85	2.44425	8132.96	2.4235	8134.12	2.52101
1512555128894	18.59	8133.22	1.56347	8133.2	2.10159	8133.15	1.95133	8133.32	1.8421	8134.07	2.22219
1512555129967	18.57	8135.11	1.45297	8135.08	1.99833	8135.31	1.88788	8135	2.10159	8135.2	2.10223
1512555130988	18.57	8135.44	1.5899	8135.76	2.45425	8135.69	2.6263	8135.48	2.43447	8135.62	2.27031
1512555132009	18.6	8135.78	1.64148	8135.76	2.10713	8135.77	2.12736	8135.48	1.98158	8135.57	2.26765
1512555133041	18.57	8134.22	2.04803	8134.32	2.23084	8134.38	2.2188	8134.52	2.27523	8134.83	2.31093
1512555134048	18.59	8135.33	1.5	8135.76	2.83255	8135.38	2.69377	8135.68	2.73435	8135.65	2.65336
1512555135161	18.57	8134.56	1.33333	8135.32	2.96816	8134.69	2.86893	8135.24	2.84722	8135.25	2.58407
1512555136214	18.59	8134.78	1.30171	8134.36	2.53114	8134.46	2.02548	8134.44	2.41661	8134.99	2.34962
1512555137258	18.59	8133.89	1.61589	8133.84	1.97231	8134	1.77951	8133.76	1.78606	8134.5	2.1533
1512555138264	18.57	8135.22	1.48137	8134.92	1.95619	8135.31	1.70219	8134.96	1.85921	8135.06	2.45295
1512555139310	18.57	8134.11	1.53659	8134.2	1.68325	8134.23	1.83275	8134.16	1.65025	8134.69	2.07536
1512555140420	18.57	8136.11	1.76383	8136	1.91485	8136.31	2.09701	8136.08	2.1	8135.2	2.15918
1512555141494	18.57	8135.78	1.39443	8135.48	1.63605	8135.77	1.69085	8135.8	1.87083	8135.44	2.04069
1512555142518	18.56	8135.11	1.61589	8135.08	2.27156	8135.38	2.8148	8135.48	2.61598	8135.42	2.21872
1512555143611	18.57	8134.44	1.94365	8134.08	2.17792	8134.46	2.43637	8134.04	2.13073	8134.61	1.99749
1512555144685	18.57	8134.89	1.69148	8135.12	2.24202	8134.69	2.25036	8135	2.25462	8135.56	2.40395
1512555145712	18.57	8136	2	8136.04	2.77609	8135.92	2.06	8136.32	2.73435	8136.17	2.56448
1512555146801	18.59	8134.33	1.93649	8134.32	2.49533	8134.31	2.32324	8134.6	2.48328	8135.07	2.50726
1512555147875	18.57	8133.22	1.98606	8133.4	2.3094	8133.38	2.43374	8133.44	2.29274	8133.85	2.40945
1512555148967	18.57	8133.89	1.61589	8133.72	1.74452	8134.08	2.06	8133.72	1.96893	8134.12	2.17018
1512555150026	18.59	8134.22	1.7873	8134.76	1.85472	8134.38	2.02231	8134.36	1.84572	8135.08	2.47348
1512555151132	18.57	8133.11	2.26078	8133.48	2.63186	8133.54	2.47034	8133.2	2.61406	8133.92	2.36493
1512555152207	18.57	8133.44	1.81046	8133.4	2.25462	8133.38	2.29269	8133.12	2.16641	8133.73	2.21499
1512555153297	18.59	8133.11	2.20479	8133.04	2.3	8133.23	2.35067	8132.92	2.28983	8134.05	2.2494
1512555154372	18.57	8133.56	1.66667	8133.36	2.09921	8133.69	2.01596	8133.24	2.1848	8133.62	2.43605
1512555155386	18.59	8133.89	1.2693	8133.88	2.02731	8134.08	2.13937	8133.72	2.22711	8133.79	2.25891
1512555156475	18.59	8133	1.58114	8133.68	2.51197	8133.38	2.29269	8133.68	2.71907	8132.95	2.1968
1512555157524	18.57	8135	2.06155	8134.44	2.00167	8134.69	2.13638	8134.36	2.36079	8134.15	2.17783
1512555158540	18.57	8133.78	1.7873	8134.12	2.20454	8133.85	1.86396	8133.92	2.28983	8134.56	2.2309
1512555159643	18.59	8133.33	1.41421	8133.68	1.90875	8133.54	1.39137	8133.48	1.89561	8134.19	2.20474
1512555160705	18.57	8134.67	1.87083	8134.52	2.29347	8134.85	1.77229	8134.32	2.17409	8134.2	2.31899
1512555161777	18.57	8134.33	1.65831	8134.52	1.68622	8134.69	1.93152	8134.56	2.02237	8135.42	2.39249
1512555162871	18.59	8133.11	1.83333	8133.44	1.87261	8133.69	1.97419	8133.32	1.95192	8134.2	2.30163
1512555163925	18.59	8134.11	2.14735	8134.28	2.38956	8134.77	2.35067	8134.28	2.42418	8134.58	2.39265
1512555164933	18.59	8133.22	2.04803	8133.76	2.43721	8133.62	2.32875	8133.72	2.66958	8134.1	2.42161
1512555165977	18.59	8133.78	3.11359	8133.68	2.09603	8133.85	2.70327	8133.56	2.29274	8133.7	2.22693
1512555167002	18.59	8133.67	1.22474	8133.08	1.77764	8133.54	1.45002	8132.76	1.76257	8133.19	2.11306
1512555168113	18.59	8131.78	1.20185	8132.04	1.83666	8132	2	8132	1.91485	8132.34	2.14504
1512555169138	18.59	8131.11	1.69148	8131.6	2	8131.46	2.06621	8131.24	1.78606	8131.74	2.15967
1512555170164	18.59	8132.22	2.63523	8132	2.51661	8132.15	2.73393	8132.08	2.5482	8132.97	2.53087
1512555171182	18.6	8132.22	2.22361	8131.6	2.17945	8132.23	2.12736	8131.8	2.10159	8132.12	2.10438
1512555172264	18.59	8135.22	2.81859	8135.08	2.34379	8135.15	2.79422	8135.04	2.63755	8134.32	2.18909
1512555173270	18.59	8134	2.44949	8133.8	1.95789	8134	2.19848	8133.92	2.08006	8133.84	2.13275
1512555174277	18.6	8135	2.69258	8134.92	2.1	8135.08	2.49872	8134.64	2.23383	8134.63	2.46553
1512555175391	18.6	8133.33	2.12132	8134.04	2.541	8133.77	2.38586	8133.76	2.36784	8134.23	2.26611
1512555176416	18.6	8132.44	2.12786	8132.8	2.51661	8132.54	2.29548	8132.52	2.14321	8133.36	2.35001
1512555177442	18.59	8131.67	2.12132	8132.12	2.08806	8131.92	2.36155	8131.92	2.13931	8132.62	2.39968
1512555178483	18.59	8131.22	1.98606	8131.96	2.20756	8131.62	2.25605	8131.68	2.17409	8132.73	2.43027
1512555179509	18.6	8131.56	2.50555	8132.52	2.63186	8132	2.67706	8132.32	2.62552	8133.46	2.39778
1512555180570	18.6	8131.33	2.64575	8131.56	2.36432	8131.54	2.63361	8131.4	2.39792	8132.27	2.11695
1512555181658	18.6	8132.44	1.74005	8133.12	2.06801	8133	1.95789	8133.16	2.2301	8133.47	2.77648
1512555182731	18.6	8131.89	2.36878	8132.56	2.2561	8132.54	2.69615	8132.36	2.2891	8132.99	2.59506
1512555183772	18.6	8132.89	2.08833	8133.36	1.93391	8133.46	2.14536	8133.24	1.98494	8133.5	2.23403
1512555184865	18.6	8134.44	3.16667	8134.04	2.31805	8134.46	2.78733	8133.96	2.44063	8133.42	2.31729
1512555185891	18.6	8133.33	1.73205	8133.88	1.69115	8133.77	1.92154	8133.68	1.62583	8134.06	2.16551
1512555187027	18.6	8133.11	1.69148	8133.72	1.79165	8133.62	1.93815	8133.6	1.77951	8133.98	2.14806
1512555188111	18.6	8133.11	1.69148	8133.72	1.79165	8133.62	1.93815	8133.6	1.77951	8133.98	2.14806
Rebooting
FFC
1512555192676	18.4	8152.44	2.55495	8153.2	3.48807	8153.31	2.89783	8153.48	3.4535	8152.79	2.83789
1512555193718	18.45	8141.11	1.36423	8140.88	1.48099	8140.77	1.5359	8140.88	1.61555	8139.99	2.49998
1512555194724	18.46	8139	1.41421	8138.68	2.21209	8138.69	2.3939	8138.64	2.27083	8138.72	2.02501
1512555195751	18.49	8139.11	0.781736	8138.16	2.13464	8138.62	2.46774	8138.28	2.28254	8138.21	2.15265
1512555196815	18.51	8143.56	1.01379	8143.16	2.32164	8143.08	2.53185	8143.12	2.57099	8142.48	2.32306
1512555197905	18.53	8145.44	1.33333	8144.52	2.64764	8144.69	2.78043	8144.4	2.44949	8145.25	2.4373
1512555198978	18.54	8147.33	2	8147.76	2.16564	8147.46	2.56955	8147.76	2.60256	8147.97	2.21948
1512555199992	18.56	8148	1.87083	8147.52	2.12368	8147.54	2.75727	8147.44	2.31084	8148.78	2.11815
1512555201080	18.59	8148.56	1.5899	8148.48	2.25684	8148.15	2.37508	8148.2	2.06155	8148.63	1.99888
1512555202121	18.6	8154	1	8152.92	2.17792	8153.54	1.89804	8152.52	2.36502	8152.82	2.33855
1512555203155	18.61	8150.78	1.56347	8150.44	2.04287	8150.54	2.14536	8150.24	1.98494	8151.16	2.30414
1512555204207	18.63	8151.67	1.5	8152.36	2.11896	8151.85	2.26738	8152.08	2.19697	8151.99	2.11638
1512555205296	18.63	8149.56	1.23603	8150.2	1.82574	8149.62	1.89466	8149.92	1.6563	8150.96	2.03197
1512555206338	18.64	8153	1.5	8152.2	2.21736	8152.62	2.32875	8152.04	2.20756	8152.13	1.92096
1512555207364	18.64	8154.22	1.20185	8152.92	2.08006	8153.38	2.46774	8152.64	2.11896	8152.99	2.41521
1512555208400	18.64	8153.78	1.30171	8153.28	1.94765	8153.38	2.50128	8153.16	2.05508	8153.48	2.10919
1512555209461	18.65	8152.78	1.7873	8152.48	2.29347	8152.54	2.40192	8152.28	2.17025	8152.91	1.87014
1512555210518	18.65	8153.33	1.5	8153.24	2.12681	8153.08	1.84669	8153.2	2.14087	8153.04	2.22292
1512555211580	18.66	8150.22	1.98606	8151.16	2.68763	8150.54	2.8465	8150.8	2.64575	8151.51	2.34103
1512555212602	18.67	8149.67	1.41421	8149.56	2.08327	8149.46	2.25889	8149.48	2.31157	8150.21	2.13321
1512555213643	18.66	8150.11	0.927961	8149.76	2.02649	8149.92	2.17798	8149.92	2.08006	8149.92	2.10242
1512555214688	18.66	8149.22	1.30171	8148.88	2.06801	8149	1.91485	8148.92	1.93477	8149.23	2.09659
1512555215712	18.67	8149.33	2	8149.04	2.05102	8149.23	2.16617	8149.08	2.03961	8148.88	1.88334
1512555216823	18.67	8148	1.58114	8147.88	1.94336	8147.92	1.93484	8147.84	2.05508	8148.31	1.97293
1512555217857	18.68	8147.44	1.13039	8147.24	1.94251	8147.23	1.96443	8146.96	1.74356	8147.27	1.93978
1512555218883	18.68	8145.89	1.36423	8145.36	1.70489	8145.54	2.02548	8145.48	1.66132	8146.02	1.93508
1512555219899	18.68	8146	1.41421	8145.36	1.72916	8145.62	1.93815	8145.56	1.73397	8145.54	1.90377
1512555220926	18.68	8144	1.80278	8143.4	2.27303	8143.62	2.39925	8143.36	2.07926	8143.99	2.14694
1512555222000	18.68	8142.89	2.14735	8142.72	2.37206	8142.62	2.72453	8142.36	2.2891	8143.02	2.09781
1512555223076	18.68	8142.78	1.64148	8142.4	1.95789	8142.46	2.02548	8142.28	1.76824	8142.47	2.32964
1512555224116	18.68	8142.44	1.33333	8142.4	1.77951	8142.31	2.09701	8142.08	1.86905	8142.25	1.96329
1512555225155	18.68	8142.67	1.22474	8142.04	2.05102	8142.38	2.50128	8142	2.19848	8141.96	1.98791
1512555226167	18.68	8140.89	1.36423	8140.52	1.93907	8140.77	2.0064	8140.56	2.10317	8140.71	1.96817
1512555227177	18.68	8140.11	1.69148	8139.68	2.15484	8139.62	2.32875	8139.48	2.20076	8140.03	2.21838
1512555228266	18.67	8138.89	1.61589	8138.16	1.97231	8138.54	2.18386	8138.2	2	8138.48	2.07934
1512555229275	18.67	8137.78	1.20185	8137.56	2.21886	8137.54	2.29548	8137.4	2.27303	8138.05	2.06481
1512555230368	18.68	8136.44	1.23603	8136.44	2.10317	8136.38	2.36426	8136.24	2.02649	8136.81	2.20001
1512555231420	18.67	8135.33	1.22474	8135.4	2.46644	8135.15	2.60916	8135.2	2.36291	8136.06	2.4371
1512555232445	18.68	8135.11	0.927961	8135.04	2.15019	8134.92	2.36155	8134.96	2.07123	8136.04	2.36373
1512555233461	18.68	8134	1.11803	8134.08	2.25315	8133.77	2.45472	8134.04	2.3	8135.15	2.19367
1512555234585	18.68	8134.33	1.41421	8133.44	2.2	8133.77	2.42053	8133.44	2.2	8133.88	2.24102
1512555235666	18.67	8134.11	1.05409	8133.2	2.34521	8133.54	2.47034	8133	2.34521	8133.41	2.09745
1512555236750	18.67	8132.44	1.33333	8132.16	2.37487	8132.15	2.85325	8132.08	2.39653	8133.15	2.31688
1512555237838	18.68	8131	1.73205	8131.64	2.37837	8131.15	2.37508	8131.48	2.36502	8132.35	2.45559
1512555238931	18.68	8131.67	1.65831	8131.48	2.32952	8131.69	2.42846	8131.56	2.39931	8131.83	2.2423
1512555239967	18.68	8131.11	1.53659	8130.76	2.29637	8131	2.64575	8130.6	2.34521	8131.56	2.24007
1512555240983	18.68	8130.11	1.69148	8130.2	2.48328	8129.85	2.37508	8129.76	2.38537	8130.9	2.22337
1512555242008	18.67	8129	1.5	8129.08	2.41385	8128.77	2.45472	8128.8	2.32737	8130.06	2.26069
1512555243020	18.68	8129.89	1.61589	8130.6	2.43242	8130.08	2.36155	8130.32	2.21209	8130.68	2.16757
1512555244182	18.67	8128.56	1.5899	8128.4	2.14087	8128.54	2.25889	8128.44	2.2561	8129.52	2.44326
1512555245185	18.68	8128	0.707107	8128	2.3094	8127.77	1.87767	8128	2.34521	8128.5	2.35877
1512555246291	18.68	8126.44	0.726483	8127.08	2.27156	8126.77	2.38586	8127.08	2.30796	8128.23	2.4093
1512555247360	18.68	8127.56	0.726483	8127.52	2.29347	8127.54	2.29548	8127.44	2.2745	8128.23	2.4281
1512555248374	18.67	8129.56	2.18581	8128.88	2.5219	8129.15	2.93956	8128.84	2.71846	8128.39	2.39799
1512555249393	18.67	8129.44	1.424	8128.68	2.57747	8129	2.70801	8128.68	2.6727	8128.37	2.42693
1512555250442	18.67	8127.67	1.41421	8126.76	2.27816	8127.08	2.49872	8126.72	2.33666	8127.13	2.30319
1512555251451	18.66	8127	1.22474	8126.68	2.05589	8126.62	2.32875	8126.56	2.10317	8127.31	2.17628
1512555252542	18.66	8128	1.41421	8128	2.38048	8127.54	2.56955	8127.48	2.64764	8128.04	2.0801
1512555253554	18.66	8127.11	1.76383	8126.84	2.09523	8126.62	2.53438	8126.48	2.31157	8126.97	2.05879
1512555254668	18.66	8128	1	8127.28	2.11187	8127.38	1.85016	8127.16	2.30362	8127.7	2.51885
1512555255684	18.66	8127.56	0.726483	8127.44	1.63503	8127.31	1.49358	8127.2	1.97906	8127.2	2.03679
1512555256758	18.66	8127.44	1.50923	8127.2	2.04124	8127.23	2.38586	8127.12	2.14709	8127.37	2.12485
1512555257849	18.65	8126.78	1.30171	8126.64	1.8	8126.46	1.71345	8126.48	2.21961	8127.02	2.01546
1512555258918	18.64	8124.67	1	8125.08	1.82392	8124.62	1.3253	8124.96	1.69509	8126.48	2.28239
1512555260014	18.65	8125.11	1.45297	8125.44	2.04287	8125.15	1.72463	8125.44	2.02237	8126.22	2.11007
1512555261024	18.65	8125.78	1.64148	8126.04	2.3	8125.77	2.55453	8125.84	2.37487	8125.83	2.23455
1512555262114	18.64	8124.44	1.50923	8124.6	1.93649	8124.31	2.17503	8124.16	2.0347	8125.13	2.34132
1512555263206	18.66	8124.56	1.66667	8124.28	2.15097	8124.15	2.33973	8123.88	2.2971	8124.76	2.21918
1512555264231	18.64	8122.67	1.22474	8122.84	2.2301	8122.38	2.2188	8122.44	2.5671	8123.28	2.35063
1512555265243	18.64	8123.56	1.5899	8123.08	2.28983	8123.31	2.3939	8123.04	2.44063	8123.58	2.29261
1512555266294	18.64	8123.44	1.66667	8123.8	2.61406	8123.31	2.65784	8123.52	2.8006	8123.92	2.34373
1512555267308	18.64	8122.78	1.48137	8122.56	2.2561	8122.54	2.43637	8122.24	2.5865	8122.85	2.43449
1512555268320	18.64	8120.89	1.76383	8121.52	2.18174	8120.92	2.17798	8121.12	2.50533	8121.97	2.40969
1512555269355	18.65	8120.78	1.48137	8120.32	1.70098	8120.62	1.7097	8120.28	1.96893	8121.24	2.10351
1512555270381	18.65	8121.89	1.36423	8121.16	2.33952	8121.69	2.13638	8121.04	2.50799	8121.12	2.48434
1512555271395	18.64	8119.56	1.01379	8119.76	2.08726	8119.77	2.0064	8119.6	2.29129	8120.49	2.13383
1512555272433	18.65	8121	1.93649	8121.36	2.09921	8121.08	2.13937	8120.92	2.23458	8121.56	2.20743
1512555273446	18.64	8119.67	1.41421	8119.84	1.99332	8119.62	2.02231	8119.48	2.21961	8120.22	2.18592
1512555274487	18.65	8119.33	1.32288	8118.88	2.35089	8118.92	2.49872	8118.72	2.52521	8119.03	2.10514
1512555275513	18.64	8118.78	1.20185	8118.96	2.0306	8118.54	2.25889	8118.64	2.25241	8119.08	2.01902
1512555276539	18.66	8118.44	1.424	8118.32	2.07605	8118.23	2.31495	8118.04	2.16949	8118.94	2.21177
1512555277559	18.65	8118.11	1.90029	8117.84	2.19241	8117.69	2.59437	8117.6	2.39792	8118.35	2.34081
1512555278600	18.64	8118.22	1.39443	8118.32	1.7253	8118.23	1.58923	8118.24	2.10713	8118.59	2.25077
1512555279616	18.65	8118	1.80278	8117.72	1.76824	8117.77	1.87767	8117.84	2.13464	8118.84	2.37612
1512555280642	18.64	8115.78	1.09291	8115.84	2.01412	8115.85	1.62512	8115.92	2.01908	8117.23	2.30772
1512555281715	18.64	8118	1.41421	8118	1.63299	8117.85	1.72463	8117.84	1.772	8117.85	1.90659
1512555282824	18.63	8118.33	1.41421	8118.64	1.52425	8118.46	1.39137	8118.52	1.75879	8118.79	1.90628
1512555283881	18.65	8119	1.65831	8118.48	1.85113	8118.62	1.75777	8118.48	2.0025	8118.89	2.22614
1512555284890	18.64	8117.56	1.50923	8117.36	2.15793	8117.15	2.26738	8117.36	2.19621	8118.13	2.4028
1512555285997	18.64	8118	1.32288	8117.8	1.82574	8117.77	1.7867	8117.8	2.12132	8118.24	2.0679
1512555287024	18.65	8116.11	1.16667	8115.68	1.7253	8115.85	1.57301	8115.72	1.90438	8116.52	2.20107
1512555288097	18.64	8116.78	1.39443	8116.4	2.58199	8116.46	1.94145	8116.4	2.70801	8117.21	2.6243
1512555289187	18.64	8118.33	2.73861	8117.04	2.96479	8117.54	3.23046	8116.88	3.23161	8116.97	2.59694
1512555290313	18.64	8118.33	2.29129	8117.24	2.86182	8117.92	2.39658	8117.12	2.75862	8117.29	2.31138
1512555291338	18.64	8117	1.80278	8116.56	2.88791	8116.77	2.24179	8116.32	2.76466	8117.32	2.59214
1512555292390	18.64	8117.33	1.41421	8117	2.98608	8116.69	2.05688	8116.96	2.96479	8117.59	2.73561
1512555293438	18.65	8116	2.12132	8116.16	2.73374	8115.69	2.32324	8115.76	2.69691	8117.19	2.59598
1512555294459	18.64	8114.56	1.87824	8114.84	2.67208	8114.15	2.19265	8114.48	2.56775	8116.14	2.65873
1512555295505	18.64	8115.11	1.36423	8115.04	2.18861	8114.69	1.84321	8114.8	2.14087	8115.02	2.47899
1512555296598	18.64	8117.56	2.06828	8116.96	2.24499	8117.15	2.11527	8116.84	2.15407	8116.47	2.14099
1512555297622	18.64	8114.78	2.27913	8114.96	2.09125	8114.77	2.35067	8114.64	2.19621	8115.49	2.13627
1512555298695	18.65	8114.44	1.50923	8114.84	2.11503	8114.38	1.89466	8114.28	2.20832	8115.38	2.36029
1512555299787	18.64	8113.56	1.13039	8114.2	2	8113.62	1.60927	8114.16	2.19241	8115.2	2.37228
1512555300824	18.65	8115.22	1.56347	8115.2	2	8114.85	2.23033	8114.84	2.0347	8115.79	2.33663
1512555301870	18.63	8114.33	1.41421	8114.6	2.53311	8114.15	2.0755	8114.04	2.18861	8115.33	2.56456
1512555303054	18.64	8114.89	1.36423	8115.36	2.56385	8114.54	2.06621	8114.92	2.5645	8115.95	2.48273
1512555304162	18.63	8116	1.11803	8116.44	2.34663	8116.08	1.75412	8116.6	2.5	8117.22	2.33281
1512555305257	18.63	8116.11	1.16667	8116.28	2.89425	8115.85	2.30384	8116.24	2.74287	8117.32	2.48127
1512555306283	18.62	8115.78	2.04803	8115.52	2.72519	8115.46	2.40192	8115.44	2.70924	8116.64	2.38084
1512555307309	18.63	8114.78	2.10819	8114.88	2.31517	8114.62	2.46774	8114.6	2.48328	8115.99	2.51143
1512555308334	18.63	8115.22	1.09291	8114.92	2.28983	8114.69	2.05688	8114.88	2.08806	8116.03	2.34839
1512555309406	18.63	8114.33	1	8115.08	2.1	8114.23	1.64083	8114.92	1.89121	8116.22	2.3036
1512555310434	18.63	8115.78	0.971825	8115.2	1.65831	8115.23	1.58923	8115.24	1.5885	8116.3	2.2599
1512555311527	18.63	8115.89	1.2693	8116.32	1.79629	8115.69	1.75046	8116.2	1.75594	8116.82	2.16103
1512555312552	18.62	8115.33	1.41421	8115.4	1.97906	8115.15	1.51911	8115.28	1.74452	8116.07	2.35516
1512555313577	18.62	8115.44	1.74005	8115.56	2.18098	8115.23	1.7867	8115.68	2.11581	8116.84	2.43672
1512555314651	18.62	8116.89	1.45297	8116.68	1.8868	8116.85	1.77229	8116.64	1.75309	8117.32	2.24968
1512555315656	18.61	8117.78	1.56347	8117.6	1.75594	8117.46	1.5064	8117.24	1.73877	8117.81	2.12044
1512555316664	18.62	8118.11	1.76383	8118.04	2.16949	8117.69	2.17503	8117.96	2.18861	8118.28	2.1858
1512555317690	18.62	8116.44	1.5899	8117	2.14087	8116.23	1.87767	8116.68	2.19317	8117.61	2.2934
1512555318735	18.61	8118.44	1.87824	8118.84	2.0347	8118.23	2.04751	8118.48	2.04369	8118.81	2.17455
1512555319775	18.61	8117	1.65831	8117.52	2.14321	8116.77	2.27866	8117.36	2.2151	8118.26	2.46332
1512555320867	18.62	8118.11	1.69148	8118.2	2.61406	8118	2.91548	8118.08	2.64449	8118.68	2.314
1512555321907	18.62	8114.67	2.12132	8115.44	2.48462	8114.77	2.86222	8115.24	2.83255	8116.05	2.44255
1512555322967	18.62	8114.11	1.96497	8114.56	1.98074	8114.15	1.95133	8114.24	2.0672	8115.1	2.18319
1512555324045	18.62	8116.89	2.26078	8116.08	2.17792	8116.54	2.3315	8115.96	2.24499	8116.29	2.31813
1512555325180	18.62	8117.22	1.48137	8117.44	1.80462	8117.46	1.61325	8117.24	2.02649	8117.66	2.37512
1512555326215	18.61	8116.56	1.94365	8117.16	1.97231	8116.62	2.06311	8116.8	1.93649	8117.92	2.22654
1512555327344	18.62	8116.56	1.94365	8116.32	1.54704	8116.46	1.76141	8116.2	1.70783	8117.09	2.16063
1512555328378	18.61	8116.89	1.36423	8117	2.02073	8116.69	2.01596	8116.8	2.10159	8117.54	2.30935
1512555329417	18.61	8116.89	1.90029	8117.04	1.92527	8117	1.77951	8116.96	1.79072	8117.81	2.29048
1512555330443	18.62	8115.44	1.424	8116.52	1.91746	8115.69	1.75046	8116.32	1.8421	8117.61	2.26368
1512555331469	18.61	8116.22	0.971825	8116.08	1.52534	8116.08	1.49786	8116.12	1.69115	8117.26	2.20209
1512555332495	18.62	8117.78	1.85592	8117.4	1.89297	8117.62	2.14237	8117.64	2.25241	8117.91	2.27798
1512555333531	18.62	8116.22	1.39443	8116.16	1.88591	8116.31	1.93152	8116.16	2.15407	8117.02	2.33844
1512555334575	18.62	8115.89	1.05409	8115.2	1.52753	8115.69	1.54837	8115.24	1.73877	8115.86	2.03001
1512555335618	18.62	8115.11	1.53659	8114.8	1.60728	8115.15	1.77229	8114.76	1.76257	8115.22	2.08524
1512555336716	18.62	8116.22	1.56347	8116	2.02073	8116.08	2.10006	8115.64	2.15793	8116.52	2.1313
1512555337728	18.62	8115.56	2.18581	8115.32	2.15484	8115.62	2.2188	8115.24	2.24128	8116.04	2.25424
1512555338746	18.64	8115.78	1.48137	8115.88	2.4379	8116	2.64575	8115.76	2.45425	8116.21	2.34711
1512555339788	18.62	8114.67	0.5	8114.44	1.55671	8114.38	1.38675	8114.28	1.59478	8115.04	2.21353
1512555340824	18.63	8113.56	1.01379	8113.64	1.9975	8113.54	1.6641	8113.44	2.10317	8114.2	2.25822
1512555341888	18.62	8115.67	1.58114	8115.08	1.99833	8115.46	1.89804	8114.96	2.24499	8114.95	2.29875
1512555342980	18.63	8114	1.93649	8114.24	2.47117	8113.92	2.01914	8113.72	2.44131	8114.52	2.37626
1512555344005	18.62	8113.89	2.20479	8114.12	2.08806	8113.92	2.46514	8113.88	2.1276	8114.99	2.059
1512555345031	18.62	8112.89	2.14735	8113.2	2.04124	8112.77	2.35067	8113	2.19848	8114.56	2.2027
1512555346056	18.63	8114	1.11803	8114	1.93649	8113.85	1.72463	8113.76	1.96384	8114.59	2.25328
1512555347082	18.63	8112.78	1.20185	8112.64	1.89033	8112.54	2.22169	8112.56	2.10317	8113.2	2.09975
1512555348108	18.63	8114.11	1.76383	8113.92	1.97737	8113.77	2.12736	8113.72	2.09205	8113.61	2.21979
1512555349133	18.62	8115.56	1.5899	8115.04	2.37136	8115	2.51661	8114.8	2.53311	8115.41	2.09745
1512555350210	18.62	8115.67	1.5	8115.36	1.97653	8115.23	2.0064	8115.04	2.28181	8115.52	2.24094
1512555351298	18.62	8114.33	1	8113.92	1.86905	8113.92	2.06	8113.72	2.11187	8114.81	2.30182
1512555352337	18.63	8113.89	1.05409	8113.32	1.70098	8113.46	1.89804	8113.2	2	8114.02	2.25222
